1 1 1
1 1 1
2 2

2 2 4
2 2 2
1 1 1
3 3
4 4

3 3 9
2 2 2
1 1 1
3 3 3
6 6
4 4
5 5

4 4 16
2 2 2
1 1 1
4 4 4
3 3 3
6 6
5 5
8 8
7 7

5 5 25
5 5 5
2 2 2
1 1 1
4 4 4
3 3 3
10 10
7 7
6 6
9 9
8 8

6 6 36
5 5 5
2 2 2
1 1 1
4 4 4
3 3 3
6 6 6
11 11
8 8
7 7
10 10
9 9
12 12

7 7 49
7 7 7
2 2 2
1 1 1
4 4 4
3 3 3
6 6 6
5 5 5
14 14
9 9
8 8
11 11
10 10
13 13
12 12

8 8 64
7 7 7
2 2 2
1 1 1
4 4 4
3 3 3
6 6 6
5 5 5
8 8 8
15 15
10 10
9 9
12 12
11 11
14 14
13 13
16 16

9 9 81
9 9 9
2 2 2
1 1 1
4 4 4
3 3 3
6 6 6
5 5 5
8 8 8
7 7 7
18 18
11 11
10 10
13 13
12 12
15 15
14 14
17 17
16 16

1 1 100
1 1 1
5 5

2 2 100
1 5 1
5 1 2
1 1
5 5

3 3 100
1 1 1
3 3 3
5 5 5
2 2
4 4
6 6

4 4 100
2 4 1
4 2 2
4 6 3
6 4 4
4 4
2 2
6 6
8 8

5 5 100
9 1 1
8 2 2
5 3 3
9 4 4
3 5 5
1 6
9 7
2 8
1 9
110 110

6 6 100
19 19 1
28 28 2
37 37 3
46 46 4
55 55 5
64 64 6
73 73
82 82
91 91
10 10
11 11
12 12

7 7 100
1 10 1
2 22 2
334 3 3
4 46 4
51 5 5
6 16 6
7 17 7
8 138
9 359
10 510
11 161
12 121
13 153
14 144

8 8 100
11 1 1
22 2 2
33 3 3
4 44 4
5 55 5
6 66 6
7 77 7
8 88 8
99 90
101 100
111 110
121 120
131 130
141 140
151 150
161 160

9 9 100
91 1 1
12 2 2
83 3 3
24 4 4
75 5 5
36 6 6
67 7 7
48 8 8
59 9 9
15 10
18 11
12 17
13 16
14 15
15 14
16 13
17 12
18 11

10 10 0
1 1 1
1 1 1
1 1 1
1 1 1
1 1 1
1 1 1
1 1 1
1 1 1
1 1 1
1 1 1
1 1
1 1
1 1
1 1
1 1
1 1
1 1
1 1
1 1
1 1

1 1 1
1 1 1
2 2

2 2 2
1 1 1
2 2 2
3 3
4 4

3 3 3
1 1 1
2 2 2
3 3 3
4 4
5 5
6 6

4 4 4
1 1 1
2 2 2
3 3 3
4 4 4
5 5
6 6
7 7
8 8

5 5 5
1 1 1
2 2 2
3 3 3
4 4 4
5 5 5
6 6
7 7
8 8
9 9
10 10

6 6 6
1 1 1
2 2 2
3 3 3
4 4 4
5 5 5
6 6 6
7 7
8 8
9 9
10 10
11 11
12 12

7 7 7
1 1 1
2 2 2
3 3 3
4 4 4
5 5 5
6 6 6
7 7 7
8 8
9 9
10 10
11 11
12 12
13 13
14 14

8 8 8
1 1 1
2 2 2
3 3 3
4 4 4
5 5 5
6 6 6
7 7 7
8 8 8
9 9
10 10
11 11
12 12
13 13
14 14
15 15
16 16

9 9 9
1 1 1
2 2 2
3 3 3
4 4 4
5 5 5
6 6 6
7 7 7
8 8 8
9 9 9
10 10
11 11
12 12
13 13
14 14
15 15
16 16
17 17
18 18

10 10 10
1 1 1
2 2 2
3 3 3
4 4 4
5 5 5
6 6 6
7 7 7
8 8 8
9 9 9
10 10 10
11 11
12 12
13 13
14 14
15 15
16 16
17 17
18 18
19 19
20 20

1 1 1
1 1 1
2 2

2 2 2
1 1 2
2 2 2
3 3
4 4

3 2 3
1 1 1
2 2 0
3 3 1
4 4
5 5

4 3 2
1 1 1
2 2 2
3 3 1
4 4 2
5 5
6 6
7 7

5 4 2
1 1 1
2 2 1
3 3 0
4 4 1
5 5 1
6 6
7 7
8 8
9 9

6 5 3
1 1 1
2 2 2
3 3 3
4 4 1
5 5 2
6 6 3
8 8
9 9
10 10
11 11
12 12

7 6 1
1 1 1
2 2 1
3 3 1
4 4 1
5 5 1
6 6 1
7 7 0
9 9
10 10
11 11
12 12
13 13
14 14

8 7 2
1 1 1
2 2 2
3 3 1
4 4 2
5 5 1
6 6 2
7 7 1
8 8 2
9 9
10 10
11 11
13 13
14 14
15 15
16 16

9 8 1
1 1 1
2 2 1
3 3 0
4 4 0
5 5 0
6 6 1
7 7 0
8 8 0
9 9 0
10 10
11 11
12 12
13 13
14 14
16 16
17 17
18 18

10 9 0
1 1 0
2 2 0
3 3 0
4 4 0
5 5 0
6 6 0
7 7 0
8 8 0
9 9 0
10 10 0
11 11
12 12
13 13
14 14
15 15
17 17
18 18
19 19
20 20