2 3 100
1 1 1
1 5 0
2 2
2 4
3 3

4 5 100
1 1 1
1 9 0
3 3 1
3 7 1
2 2
2 8
4 4
4 6
5 5

6 7 100
1 1 1
1 13 0
3 3 1
3 11 1
5 5 1
5 9 1
2 2
2 12
4 4
4 10
6 6
6 8
7 7

8 9 100
-1 -1 1
-1 15 0
1 1 1
1 13 1
3 3 1
3 11 1
5 5 1
5 9 1
0 0
0 14
2 2
2 12
4 4
4 10
6 6
6 8
7 7

10 11 100
-3 -3 1
-3 17 0
-1 -1 1
-1 15 1
1 1 1
1 13 1
3 3 1
3 11 1
5 5 1
5 9 1
-2 -2
-2 16
0 0
0 14
2 2
2 12
4 4
4 10
6 6
6 8
7 7


12 13 100
-5 -5 1
-5 19 0
-3 -3 1
-3 17 1
-1 -1 1
-1 15 1
1 1 1
1 13 1
3 3 1
3 11 1
5 5 1
5 9 1
-4 -4
-4 18
-2 -2
-2 16
0 0
0 14
2 2
2 12
4 4
4 10
6 6
6 8
7 7

14 15 100
-7 -7 1
-7 21 0
-5 -5 1
-5 19 1
-3 -3 1
-3 17 1
-1 -1 1
-1 15 1
1 1 1
1 13 1
3 3 1
3 11 1
5 5 1
5 9 1
-6 -6
-6 20
-4 -4
-4 18
-2 -2
-2 16
0 0
0 14
2 2
2 12
4 4
4 10
6 6
6 8
7 7

16 17 100
-9 -9 1
-9 23 0
-7 -7 1
-7 21 1
-5 -5 1
-5 19 1
-3 -3 1
-3 17 1
-1 -1 1
-1 15 1
1 1 1
1 13 1
3 3 1
3 11 1
5 5 1
5 9 1
-8 -8
-8 22
-6 -6
-6 20
-4 -4
-4 18
-2 -2
-2 16
0 0
0 14
2 2
2 12
4 4
4 10
6 6
6 8
7 7

18 19 100
-11 -11 1
-11 25 0
-9 -9 1
-9 23 1
-7 -7 1
-7 21 1
-5 -5 1
-5 19 1
-3 -3 1
-3 17 1
-1 -1 1
-1 15 1
1 1 1
1 13 1
3 3 1
3 11 1
5 5 1
5 9 1
-10 -10
-10 24
-8 -8
-8 22
-6 -6
-6 20
-4 -4
-4 18
-2 -2
-2 16
0 0
0 14
2 2
2 12
4 4
4 10
6 6
6 8
7 7

20 21 100
-13 -13 1
-13 27 0
-11 -11 1
-11 25 1
-9 -9 1
-9 23 1
-7 -7 1
-7 21 1
-5 -5 1
-5 19 1
-3 -3 1
-3 17 1
-1 -1 1
-1 15 1
1 1 1
1 13 1
3 3 1
3 11 1
5 5 1
5 9 1
-12 -12
-12 26
-10 -10
-10 24
-8 -8
-8 22
-6 -6
-6 20
-4 -4
-4 18
-2 -2
-2 16
0 0
0 14
2 2
2 12
4 4
4 10
6 6
6 8
7 7

22 23 100
-15 -15 1
-15 29 0
-13 -13 1
-13 27 1
-11 -11 1
-11 25 1
-9 -9 1
-9 23 1
-7 -7 1
-7 21 1
-5 -5 1
-5 19 1
-3 -3 1
-3 17 1
-1 -1 1
-1 15 1
1 1 1
1 13 1
3 3 1
3 11 1
5 5 1
5 9 1
-14 -14
-14 28
-12 -12
-12 26
-10 -10
-10 24
-8 -8
-8 22
-6 -6
-6 20
-4 -4
-4 18
-2 -2
-2 16
0 0
0 14
2 2
2 12
4 4
4 10
6 6
6 8
7 7

24 25 100
-17 -17 1
-17 31 0
-15 -15 1
-15 29 1
-13 -13 1
-13 27 1
-11 -11 1
-11 25 1
-9 -9 1
-9 23 1
-7 -7 1
-7 21 1
-5 -5 1
-5 19 1
-3 -3 1
-3 17 1
-1 -1 1
-1 15 1
1 1 1
1 13 1
3 3 1
3 11 1
5 5 1
5 9 1
-16 -16
-16 30
-14 -14
-14 28
-12 -12
-12 26
-10 -10
-10 24
-8 -8
-8 22
-6 -6
-6 20
-4 -4
-4 18
-2 -2
-2 16
0 0
0 14
2 2
2 12
4 4
4 10
6 6
6 8
7 7