8 1 46
22 57 20
89 60 21
44 16 3
96 38 16
23 75 3
97 55 17
45 33 24
70 26 17
47 36
4 7 44
10 86 4
10 7 5
90 59 11
7 82 15
80 50
16 73
15 72
82 47
97 22
58 82
100 15
5 8 7
80 20 14
18 43 16
72 0 17
91 66 15
38 26 9
0 11
41 82
9 58
17 19
69 72
42 55
77 24
60 15
5 4 37
84 60 5
84 18 23
82 56 22
4 56 8
37 58 14
9 63
37 78
88 81
32 71
8 6 8
7 83 1
42 95 3
68 74 21
23 40 8
35 75 22
28 63 20
56 10 24
47 70 10
31 8
0 75
22 3
23 51
83 31
95 17
7 4 21
54 72 12
45 1 6
29 96 21
6 68 13
81 47 24
62 36 5
71 6 5
30 19
34 13
10 47
21 73
8 6 48
37 12 14
86 79 4
92 48 11
54 75 5
82 87 22
40 42 9
26 2 17
54 89 21
60 26
91 11
86 26
78 26
53 48
12 71
4 6 17
41 79 12
60 51 1
64 33 6
34 63 15
50 63
80 2
46 3
44 29
40 50
5 89
1 7 20
60 28 14
38 30
70 60
89 3
45 95
33 71
83 30
91 93
2 4 22
53 98 1
4 35 4
95 96
5 69
23 64
44 19
7 4 46
64 37 7
58 5 19
86 67 17
75 29 15
29 68 4
88 38 5
95 14 5
43 68
11 14
87 26
15 48
6 7 25
8 100 20
16 79 21
15 0 4
42 55 22
45 23 17
40 4 23
57 93
32 12
21 83
93 58
98 83
44 33
31 43
3 1 21
47 18 20
82 34 3
31 68 15
100 74
8 3 3
95 35 21
48 26 9
28 36 3
58 46 3
5 56 7
7 69 22
54 31 14
24 97 5
70 54
71 100
66 79
1 6 28
21 64 8
13 38
67 39
30 25
45 4
41 88
98 31
5 5 27
60 71 18
16 55 0
74 35 0
48 19 19
74 20 6
48 55
8 37
23 30
49 63
79 80
1 1 46
57 38 2
58 13
4 6 1
31 62 15
53 93 4
1 71 6
36 12 19
80 61
60 48
61 81
81 57
11 61
92 43
6 4 45
21 18 14
53 68 23
43 96 10
91 21 0
7 3 12
78 89 3
61 60
84 49
6 15
78 61
1 8 2
97 11 7
66 46
54 88
4 69
40 82
76 80
38 25
38 32
38 35
7 3 7
45 16 12
80 57 8
62 3 16
18 93 10
50 68 16
86 79 13
91 61 20
29 14
18 84
29 6
8 8 20
95 99 14
42 67 3
74 8 6
63 19 4
55 66 6
8 96 6
26 91 8
30 32 19
12 85
3 40
26 100
92 27
27 4
94 54
78 13
70 44
5 7 37
93 19 19
78 47 7
77 85 24
20 2 14
20 26 17
25 13
61 9
18 70
93 82
98 12
30 77
89 51
2 8 48
15 21 23
88 39 17
15 28
55 37
74 11
98 4
26 0
49 84
66 22
50 9
3 8 37
59 18 20
16 64 0
63 77 6
46 25
36 26
51 37
4 20
62 71
33 5
76 45
36 80
7 5 6
92 47 7
51 24 17
30 67 11
31 64 13
84 50 5
68 94 1
16 66 18
10 87
20 100
29 62
41 45
17 64
1 4 18
8 29 15
77 100
9 29
39 46
7 54
4 6 29
31 53 22
73 45 12
11 23 5
51 13 18
7 47
30 40
50 72
49 17
32 73
19 46
8 1 7
67 20 18
65 22 2
11 57 9
49 74 20
0 90 2
18 78 7
7 31 7
19 33 7
43 16
4 6 35
34 61 17
69 64 6
32 64 5
54 63 16
1 36
12 77
84 5
4 84
88 4
56 68
2 1 28
96 92 24
88 85 16
34 19
6 5 22
3 21 14
4 1 2
91 65 24
27 54 13
41 44 11
44 77 18
72 51
3 92
39 37
59 27
92 81
8 3 13
100 25 5
1 58 7
20 59 6
59 98 15
14 4 4
12 18 1
87 74 13
77 93 8
9 9
99 67
58 20
3 2 1
16 45 6
92 91 20
2 5 2
24 52
16 35
2 4 10
40 30 10
3 52 13
40 0
47 32
64 72
29 55
6 1 33
26 77 18
90 74 11
64 71 6
80 8 3
21 12 5
71 6 24
22 82
6 7 28
16 64 11
54 97 13
96 35 18
98 32 5
66 15 2
46 55 9
17 72
69 37
85 23
19 54
82 20
4 68
38 26
4 1 19
63 3 10
8 94 10
34 92 5
71 90 8
6 17
1 1 1
9 72 11
30 41
5 8 9
13 66 4
8 82 7
75 6 15
77 0 12
8 13 2
87 47
69 43
73 25
61 95
61 12
48 47
63 61
73 12
7 7 23
99 44 23
41 67 11
94 71 18
4 43 8
15 76 9
36 40 16
65 76 11
51 51
62 93
60 21
38 5
65 35
46 77
75 73
3 1 22
76 43 11
39 88 24
25 70 9
12 67
5 1 5
15 34 19
30 85 6
91 34 24
30 13 0
85 80 20
25 90
3 4 16
9 22 5
12 35 3
12 6 22
19 57
29 49
46 70
84 68
4 2 7
54 67 9
81 86 8
97 63 15
20 52 24
86 83
88 98
1 5 39
10 45 3
79 82
15 20
41 90
12 41
45 5
4 6 15
96 85 13
93 20 17
99 50 15
44 76 8
98 18
47 62
57 87
46 67
41 10
4 36
6 2 33
27 63 12
48 15 12
3 52 11
82 92 13
7 97 16
27 29 19
24 50
16 84
8 8 12
60 16 22
39 24 24
47 91 9
19 54 23
21 46 24
70 20 12
91 33 1
8 49 1
46 88
48 34
60 45
0 42
76 14
46 40
11 52
58 68
1 3 21
23 18 19
16 95
70 13
24 72
6 5 34
61 72 9
47 32 4
85 33 9
72 79 7
52 38 18
13 66 0
43 80
65 79
69 40
71 90
41 98
8 7 29
55 76 22
38 52 24
82 75 22
21 40 8
62 47 3
65 38 20
45 94 10
19 49 2
77 39
6 78
46 19
71 30
63 15
23 20
15 49
1 7 20
70 51 9
59 85
86 65
78 47
13 29
16 47
82 50
60 22
4 1 36
12 50 4
31 15 19
11 46 21
77 70 22
26 53
6 5 47
61 46 4
24 5 2
47 4 1
54 66 9
78 50 15
71 0 18
51 5
45 21
66 29
18 14
33 88
1 6 36
48 64 7
82 7
79 31
75 13
51 75
99 59
94 59
1 6 0
54 20 9
87 24
38 100
24 84
71 80
38 18
41 64
4 6 33
40 15 0
100 31 16
5 20 7
77 71 2
54 67
51 79
3 37
19 44
5 18
88 85
6 2 45
40 88 4
62 42 10
63 28 7
49 23 7
66 74 17
3 59 19
89 27
56 17
5 6 36
80 42 7
55 80 15
37 44 3
58 49 7
98 98 22
47 87
6 58
37 93
18 64
80 47
79 56
8 4 6
1 95 16
57 60 24
95 20 17
29 11 7
1 56 14
7 85 17
11 38 20
91 14 19
58 15
13 21
39 12
77 60
1 1 3
22 96 14
35 26
6 3 46
99 20 0
61 75 9
52 85 10
88 48 21
9 41 19
95 85 6
94 7
54 66
79 45
7 3 21
93 37 2
3 3 14
59 44 2
2 66 18
90 47 21
30 84 10
65 46 12
33 30
47 55
23 82
7 2 28
9 68 13
3 97 9
40 51 11
51 60 10
89 65 13
49 49 7
76 25 7
94 7
54 35
6 8 28
19 99 4
9 21 20
67 14 3
1 80 7
73 84 21
82 28 0
16 25
10 75
95 73
7 57
86 69
32 81
34 35
70 5
2 8 10
56 93 15
11 62 14
38 71
83 71
41 5
98 13
22 88
80 69
52 25
11 66
2 5 0
97 84 24
9 52 7
53 11
24 59
61 31
7 82
72 24
4 7 48
65 66 3
2 10 12
64 72 20
77 52 18
29 48
85 51
67 96
24 38
20 34
47 11
31 20
5 7 42
57 93 17
20 38 17
52 9 22
82 3 18
13 69 9
45 55
37 20
14 50
31 78
59 29
79 26
92 20
5 8 36
88 39 21
20 72 24
6 81 20
72 91 6
90 86 2
58 21
2 8
58 1
99 50
93 98
80 4
41 60
54 97
4 8 39
20 54 1
98 55 12
33 21 19
68 48 22
28 14
15 80
9 99
5 79
41 75
5 73
62 90
98 11
6 8 33
41 9 19
66 7 8
49 95 12
40 27 1
81 55 20
89 33 15
58 98
68 2
45 89
59 10
18 22
4 16
73 98
36 56
5 5 35
29 99 8
38 94 16
93 95 16
51 99 19
64 68 15
4 97
64 8
12 15
78 40
55 69
6 3 44
2 60 12
13 62 1
33 17 18
33 95 14
0 99 5
99 21 2
42 84
22 98
29 15
4 1 40
75 4 14
21 74 13
52 49 12
56 79 21
91 26
8 8 36
5 0 8
41 85 22
76 83 8
98 83 8
60 54 15
58 66 13
21 41 6
29 15 4
9 2
25 37
26 46
25 94
66 41
49 1
72 37
44 4
8 1 0
68 5 14
9 63 17
97 18 9
28 6 5
30 4 7
11 28 7
94 49 23
6 92 21
93 49
1 2 12
51 47 8
23 63
64 51
4 3 41
1 95 12
9 95 8
86 62 14
83 87 3
5 46
74 92
3 68
8 5 15
25 92 16
13 22 11
73 7 13
44 29 12
12 98 17
8 27 14
62 4 22
49 49 12
96 94
14 79
56 36
7 60
67 71
3 4 0
11 29 14
19 49 3
95 32 23
21 63
59 76
94 8
91 49
4 6 20
76 16 19
94 10 20
5 46 21
3 15 6
82 3
11 51
97 37
32 47
62 99
44 24
1 8 2
55 100 1
2 26
7 39
16 85
79 93
86 64
72 2
4 16
7 31
6 2 41
87 10 9
68 43 4
55 11 1
17 28 1
57 98 2
89 38 24
20 77
97 71
2 3 36
21 82 2
84 1 12
14 41
85 52
77 48
8 4 9
35 36 1
50 48 17
7 12 12
22 9 5
2 17 9
66 30 3
79 26 1
59 10 1
95 73
44 97
58 13
61 84
6 6 28
45 39 18
87 79 11
51 67 17
34 85 21
84 11 18
37 30 14
16 80
54 67
96 11
36 65
12 52
93 54
2 4 31
44 42 18
91 99 9
50 49
18 12
88 82
0 0
6 7 45
67 94 7
14 45 13
15 33 5
47 11 3
22 65 13
58 14 12
4 34
81 64
98 2
73 19
30 18
34 66
70 15
7 2 0
81 91 18
34 2 9
21 7 14
34 14 13
55 84 12
6 49 3
69 81 16
57 90
20 16
5 1 40
54 48 23
51 82 18
16 97 21
0 28 17
51 71 24
53 66
6 5 10
54 89 16
63 88 22
14 44 10
19 22 0
100 0 9
16 79 12
76 34
17 17
13 68
71 68
60 64
6 1 30
48 15 14
84 7 9
47 51 18
77 41 16
86 1 7
82 15 23
56 58
7 7 23
10 36 0
74 80 3
53 2 5
1 100 24
75 4 5
22 18 1
25 48 23
23 13
6 48
3 87
66 95
0 20
13 4
49 67
6 2 47
100 87 22
9 87 11
64 32 3
85 5 3
7 36 14
1 21 3
57 91
17 48
2 1 18
31 68 7
67 25 0
34 80
2 4 41
51 35 22
37 98 23
44 66
4 6
56 89
52 15
4 8 43
24 31 19
9 59 14
77 35 18
66 67 18
30 55
37 49
78 80
60 22
30 93
30 25
9 31
20 55
1 4 13
38 87 15
77 60
13 6
55 3
9 98
