1 1 100
1 1 3
0 0

3 3 100
1 1 3
3 3 3
5 5 3
0 0
2 2
4 4

5 5 100
1 1 3
3 3 3
5 5 3
7 7 3
9 9 3
0 0
2 2
4 4
6 6
8 8

7 7 100
1 1 3
3 3 3
5 5 3
7 7 3
9 9 3
11 11 3
13 13 3
0 0
2 2
4 4
6 6
8 8
10 10
12 12

9 9 100
1 1 3
3 3 3
5 5 3
7 7 3
9 9 3
11 11 3
13 13 3
15 15 3
17 17 3
0 0
2 2
4 4
6 6
8 8
10 10
12 12
14 14
16 16

11 11 100
1 1 3
3 3 3
5 5 3
7 7 3
9 9 3
11 11 3
13 13 3
15 15 3
17 17 3
19 19 3
21 21 3
0 0
2 2
4 4
6 6
8 8
10 10
12 12
14 14
16 16
18 18
20 20


13 13 100
1 1 3
3 3 3
5 5 3
7 7 3
9 9 3
11 11 3
13 13 3
15 15 3
17 17 3
19 19 3
21 21 3
23 23 3
25 25 3
0 0
2 2
4 4
6 6
8 8
10 10
12 12
14 14
16 16
18 18
20 20
22 22
24 24

15 15 100
1 1 3
3 3 3
5 5 3
7 7 3
9 9 3
11 11 3
13 13 3
15 15 3
17 17 3
19 19 3
21 21 3
23 23 3
25 25 3
27 27 3
29 29 3
0 0
2 2
4 4
6 6
8 8
10 10
12 12
14 14
16 16
18 18
20 20
22 22
24 24
26 26
28 28

17 17 100
1 1 3
3 3 3
5 5 3
7 7 3
9 9 3
11 11 3
13 13 3
15 15 3
17 17 3
19 19 3
21 21 3
23 23 3
25 25 3
27 27 3
29 29 3
31 31 3
33 33 3
0 0
2 2
4 4
6 6
8 8
10 10
12 12
14 14
16 16
18 18
20 20
22 22
24 24
26 26
28 28
30 30
32 32

19 19 100
1 1 3
3 3 3
5 5 3
7 7 3
9 9 3
11 11 3
13 13 3
15 15 3
17 17 3
19 19 3
21 21 3
23 23 3
25 25 3
27 27 3
29 29 3
31 31 3
33 33 3
35 35 3
37 37 3
0 0
2 2
4 4
6 6
8 8
10 10
12 12
14 14
16 16
18 18
20 20
22 22
24 24
26 26
28 28
30 30
32 32
34 34
36 36

21 21 100
1 1 3
3 3 3
5 5 3
7 7 3
9 9 3
11 11 3
13 13 3
15 15 3
17 17 3
19 19 3
21 21 3
23 23 3
25 25 3
27 27 3
29 29 3
31 31 3
33 33 3
35 35 3
37 37 3
39 39 3
41 41 3
0 0
2 2
4 4
6 6
8 8
10 10
12 12
14 14
16 16
18 18
20 20
22 22
24 24
26 26
28 28
30 30
32 32
34 34
36 36
38 38
40 40

23 23 100
1 1 3
3 3 3
5 5 3
7 7 3
9 9 3
11 11 3
13 13 3
15 15 3
17 17 3
19 19 3
21 21 3
23 23 3
25 25 3
27 27 3
29 29 3
31 31 3
33 33 3
35 35 3
37 37 3
39 39 3
41 41 3
43 43 3
45 45 3
0 0
2 2
4 4
6 6
8 8
10 10
12 12
14 14
16 16
18 18
20 20
22 22
24 24
26 26
28 28
30 30
32 32
34 34
36 36
38 38
40 40
42 42
44 44

25 25 100
1 1 3
3 3 3
5 5 3
7 7 3
9 9 3
11 11 3
13 13 3
15 15 3
17 17 3
19 19 3
21 21 3
23 23 3
25 25 3
27 27 3
29 29 3
31 31 3
33 33 3
35 35 3
37 37 3
39 39 3
41 41 3
43 43 3
45 45 3
47 47 3
49 49 3
0 0
2 2
4 4
6 6
8 8
10 10
12 12
14 14
16 16
18 18
20 20
22 22
24 24
26 26
28 28
30 30
32 32
34 34
36 36
38 38
40 40
42 42
44 44
46 46
48 48
