26 93 276
170 467 18
453 440 5
570 233 7
25 850 17
1000 440 0
195 6 15
88 344 19
612 556 3
658 618 1
634 777 12
208 923 7
430 194 20
83 584 7
890 24 11
971 43 14
356 468 11
145 416 1
198 293 14
441 496 18
741 152 14
350 120 6
435 280 19
82 237 17
637 810 4
664 276 13
220 100 3
334 67
318 739
893 505
448 536
264 955
268 74
215 547
927 224
761 516
827 121
37 535
65 830
116 115
931 685
870 644
547 438
736 788
517 405
519 656
30 209
291 765
85 533
1000 715
762 752
963 710
94 231
816 556
23 381
771 526
847 0
605 960
31 457
554 961
706 722
0 30
76 923
645 921
327 462
486 998
773 480
962 339
151 364
756 410
60 118
336 683
127 237
252 473
265 253
89 981
173 324
739 61
793 309
482 169
564 296
829 416
331 235
718 507
302 34
910 114
483 172
299 472
920 202
664 262
396 204
398 332
284 632
406 582
980 261
752 752
172 826
267 241
205 572
401 49
818 492
5 579
645 578
801 501
107 728
262 397
318 200
14 42
58 645
12 811
892 438
490 824
173 906
494 179
579 220
489 985
697 5
129 5
317 50
952 761
0 1 30 2

22 80 239
170 467 18
453 440 5
570 233 7
25 850 17
1000 440 0
195 6 15
88 344 19
612 556 3
658 618 1
634 777 12
208 923 7
430 194 20
83 584 7
890 24 11
971 43 14
356 468 11
145 416 1
198 293 14
441 496 18
741 152 14
350 120 6
435 280 19
419 145
426 597
999 781
697 812
914 203
208 659
269 631
816 91
301 488
33 894
782 503
596 774
62 414
661 927
646 668
772 450
994 462
748 619
174 485
120 340
721 379
109 630
603 846
193 861
863 981
980 770
588 579
768 538
959 418
476 660
786 733
554 548
680 413
399 659
810 992
675 267
642 485
435 545
667 235
767 632
282 374
91 760
626 817
70 37
444 482
951 140
687 921
559 561
232 358
392 207
556 368
579 597
744 490
170 436
241 32
426 209
841 373
793 19
925 776
49 742
75 897
967 930
205 506
410 290
636 133
321 111
979 949
290 898
155 505
25 577
750 852
332 27
280 479
760 164
304 401
497 541
982 538
276 953
445 205
330 447
0 1 30 2

4 16 47
170 467 18
453 440 5
570 233 7
25 850 17
21 363
39 814
201 811
472 329
90 512
651 500
326 85
299 216
645 486
349 643
771 642
844 180
165 300
966 410
789 989
200 737
0 1 30 2

27 99 295
170 467 18
453 440 5
570 233 7
25 850 17
1000 440 0
195 6 15
88 344 19
612 556 3
658 618 1
634 777 12
208 923 7
430 194 20
83 584 7
890 24 11
971 43 14
356 468 11
145 416 1
198 293 14
441 496 18
741 152 14
350 120 6
435 280 19
82 237 17
637 810 4
664 276 13
220 100 3
214 78 19
458 897
969 430
600 65
629 869
107 837
905 276
485 296
21 767
50 759
183 317
972 926
421 724
878 267
988 610
690 776
708 910
66 834
555 828
716 830
235 581
951 537
838 631
471 483
588 135
796 375
252 324
911 892
355 172
391 249
290 859
367 517
558 189
231 973
976 759
355 840
108 649
764 294
212 338
462 941
207 226
717 799
667 249
573 128
362 150
597 909
693 625
365 892
151 101
8 543
158 410
558 979
900 178
259 269
531 341
585 748
160 908
966 362
252 859
769 661
552 813
258 703
476 723
487 258
880 552
496 701
388 7
85 352
711 547
952 535
424 733
255 373
155 320
726 302
6 348
964 389
704 295
708 289
215 813
518 572
116 884
346 649
58 189
840 736
941 822
780 490
120 586
316 349
100 804
584 787
290 671
188 419
161 609
698 144
665 374
718 790
862 441
102 125
750 954
457 322
0 1 30 2

12 42 124
170 467 18
453 440 5
570 233 7
25 850 17
1000 440 0
195 6 15
88 344 19
612 556 3
658 618 1
634 777 12
208 923 7
430 194 20
265 434
457 143
467 209
422 857
860 251
394 401
977 957
273 655
799 324
983 585
309 905
466 834
909 855
202 171
905 226
530 634
564 319
63 811
476 116
209 451
712 790
516 744
506 858
743 440
511 828
998 360
861 765
664 124
850 225
702 725
165 625
208 762
498 694
164 341
615 0
817 148
171 17
80 469
593 808
976 880
560 533
548 546
0 1 30 2

1 7 18
170 467 18
348 73
922 983
445 383
772 411
39 114
121 91
427 484
0 1 30 2

23 86 256
170 467 18
453 440 5
570 233 7
25 850 17
1000 440 0
195 6 15
88 344 19
612 556 3
658 618 1
634 777 12
208 923 7
430 194 20
83 584 7
890 24 11
971 43 14
356 468 11
145 416 1
198 293 14
441 496 18
741 152 14
350 120 6
435 280 19
82 237 17
724 146
570 861
900 346
521 46
522 670
935 299
65 89
398 816
419 975
737 709
976 823
565 618
204 748
737 42
254 141
177 873
958 217
910 24
404 189
482 966
912 823
842 257
761 930
683 743
248 519
802 793
970 477
228 376
494 409
674 947
656 25
464 482
970 921
899 261
667 331
710 972
416 890
383 560
10 210
330 649
188 281
168 855
925 433
482 90
203 759
577 498
715 74
181 193
945 408
851 909
750 624
552 216
392 320
220 649
530 218
151 583
723 896
961 738
710 814
825 375
818 198
995 955
627 258
8 211
616 812
654 926
203 723
24 936
448 994
184 558
370 75
127 312
865 173
271 586
949 986
605 390
736 59
744 794
237 546
388 831
842 199
869 617
699 481
152 677
398 700
177 281
0 1 30 2

6 21 62
170 467 18
453 440 5
570 233 7
25 850 17
1000 440 0
195 6 15
539 964
7 473
892 930
148 402
32 545
796 581
660 696
693 507
279 219
462 335
513 713
567 448
998 45
103 298
436 730
959 342
854 580
575 590
988 72
481 123
384 810
0 1 30 2

18 61 182
170 467 18
453 440 5
570 233 7
25 850 17
1000 440 0
195 6 15
88 344 19
612 556 3
658 618 1
634 777 12
208 923 7
430 194 20
83 584 7
890 24 11
971 43 14
356 468 11
145 416 1
198 293 14
968 828
515 79
691 643
317 392
908 593
139 786
587 696
10 654
277 100
927 392
897 488
611 288
302 305
970 252
994 777
605 344
608 106
675 99
513 146
206 216
505 977
144 910
292 272
44 711
482 539
168 825
25 373
501 467
390 894
90 526
565 719
458 609
138 565
195 794
683 88
391 791
527 565
788 565
234 586
178 691
966 636
519 328
23 684
749 726
624 449
185 442
632 824
832 592
616 785
216 279
19 545
264 702
160 982
115 544
125 558
694 986
53 593
938 781
888 316
177 813
325 899
0 1 30 2

15 53 156
170 467 18
453 440 5
570 233 7
25 850 17
1000 440 0
195 6 15
88 344 19
612 556 3
658 618 1
634 777 12
208 923 7
430 194 20
83 584 7
890 24 11
971 43 14
643 956
214 915
595 529
890 222
441 464
578 92
604 789
845 269
544 93
205 72
714 486
922 479
371 272
319 703
575 956
42 740
622 323
622 765
232 160
237 368
899 274
713 98
944 690
841 457
984 458
564 687
727 730
589 741
626 547
793 744
508 678
151 274
515 732
464 58
886 604
588 826
670 88
320 65
188 466
811 408
346 163
280 521
851 624
857 533
518 761
505 391
989 766
606 770
285 620
656 208
233 896
150 710
329 949
0 1 30 2

5 16 47
170 467 18
453 440 5
570 233 7
25 850 17
1000 440 0
470 556
87 447
226 551
926 668
408 818
216 373
105 932
289 97
211 90
741 781
416 42
390 187
754 68
77 342
375 267
928 793
0 1 30 2

10 33 97
170 467 18
453 440 5
570 233 7
25 850 17
1000 440 0
195 6 15
88 344 19
612 556 3
658 618 1
634 777 12
785 905
588 983
204 204
550 160
175 821
916 254
405 337
974 840
806 580
769 817
903 501
959 798
102 575
69 192
823 999
231 683
541 666
587 763
360 139
89 287
662 801
945 443
629 467
217 907
724 41
613 576
743 330
30 605
405 116
566 333
468 725
685 67
984 292
0 1 30 2

9 29 85
170 467 18
453 440 5
570 233 7
25 850 17
1000 440 0
195 6 15
88 344 19
612 556 3
658 618 1
742 330
869 844
626 411
348 876
708 803
837 686
44 371
526 532
501 187
170 648
303 908
340 831
410 79
278 292
420 694
826 192
165 861
562 38
30 159
217 894
514 843
154 673
407 877
803 900
957 146
987 323
801 163
812 86
136 951
0 1 30 2

19 67 200
170 467 18
453 440 5
570 233 7
25 850 17
1000 440 0
195 6 15
88 344 19
612 556 3
658 618 1
634 777 12
208 923 7
430 194 20
83 584 7
890 24 11
971 43 14
356 468 11
145 416 1
198 293 14
441 496 18
430 425
803 805
41 235
673 695
504 838
363 883
148 64
430 806
348 398
240 24
1000 980
396 20
798 969
962 93
993 530
194 515
539 125
102 607
406 192
518 362
877 952
241 38
93 760
712 567
723 592
456 18
197 518
639 790
614 290
382 985
773 361
899 349
951 491
760 478
93 873
484 220
234 160
856 820
681 316
339 1
488 854
329 666
944 283
548 251
934 305
165 731
393 301
863 782
851 368
129 233
771 745
86 571
375 764
26 410
793 431
232 505
598 407
780 93
608 150
880 945
458 241
769 589
933 368
584 275
745 968
110 745
180 853
0 1 30 2

19 67 200
170 467 18
453 440 5
570 233 7
25 850 17
1000 440 0
195 6 15
88 344 19
612 556 3
658 618 1
634 777 12
208 923 7
430 194 20
83 584 7
890 24 11
971 43 14
356 468 11
145 416 1
198 293 14
441 496 18
980 441
142 11
713 897
23 29
391 672
282 595
663 142
299 446
783 305
178 68
238 691
152 113
798 21
726 81
297 995
98 119
819 197
829 46
532 599
320 654
218 902
174 995
775 107
900 599
768 132
780 398
283 380
23 735
231 443
886 237
69 585
611 185
395 998
364 789
710 900
771 626
575 131
984 194
699 701
342 336
324 289
325 352
790 77
897 857
132 605
155 202
938 982
371 445
590 502
739 355
235 102
628 435
926 414
443 1000
907 753
951 863
654 628
639 152
133 63
124 736
388 736
32 261
38 896
239 253
24 348
997 852
256 203
0 1 30 2

23 86 256
170 467 18
453 440 5
570 233 7
25 850 17
1000 440 0
195 6 15
88 344 19
612 556 3
658 618 1
634 777 12
208 923 7
430 194 20
83 584 7
890 24 11
971 43 14
356 468 11
145 416 1
198 293 14
441 496 18
741 152 14
350 120 6
435 280 19
82 237 17
761 91
775 453
479 891
751 376
618 286
800 251
604 616
95 441
264 870
935 584
629 301
656 211
477 552
399 319
834 497
993 858
563 727
141 769
505 806
489 285
178 27
988 982
851 106
321 540
705 155
209 450
809 678
610 795
412 956
201 5
708 878
913 281
173 47
710 357
349 378
362 413
211 714
122 23
598 68
140 26
677 3
255 945
557 952
616 180
668 544
501 546
457 107
547 849
308 169
89 372
992 903
164 442
978 719
782 842
324 921
724 502
841 492
684 182
55 140
655 337
416 660
940 497
683 713
389 441
954 461
103 362
534 783
253 25
215 367
939 929
657 606
874 797
722 650
144 768
461 266
15 331
123 943
479 712
602 140
394 532
661 926
88 568
656 252
328 279
983 167
975 282
0 1 30 2

13 44 131
170 467 18
453 440 5
570 233 7
25 850 17
1000 440 0
195 6 15
88 344 19
612 556 3
658 618 1
634 777 12
208 923 7
430 194 20
83 584 7
899 857
379 814
374 39
278 250
365 143
710 653
576 676
409 722
252 955
312 691
541 462
885 549
440 872
188 241
950 868
28 958
758 554
206 169
81 59
177 693
743 396
783 198
521 970
893 363
952 509
820 772
288 102
691 532
147 443
759 590
572 324
921 775
454 626
969 219
81 632
378 957
138 76
421 294
549 635
26 87
811 978
728 977
775 371
959 939
0 1 30 2

15 53 156
170 467 18
453 440 5
570 233 7
25 850 17
1000 440 0
195 6 15
88 344 19
612 556 3
658 618 1
634 777 12
208 923 7
430 194 20
83 584 7
890 24 11
971 43 14
107 442
357 48
859 560
891 330
516 967
443 778
864 873
44 810
190 682
696 269
16 784
508 724
759 337
87 264
163 899
218 28
689 69
900 250
879 558
61 672
917 154
35 550
479 278
924 59
612 816
391 499
649 276
570 531
571 772
753 173
426 252
318 904
100 140
306 164
338 912
502 901
754 714
221 775
795 175
756 904
534 98
577 392
356 194
699 499
678 169
122 112
206 888
150 576
459 457
670 49
884 179
470 983
110 138
0 1 30 2

18 61 182
170 467 18
453 440 5
570 233 7
25 850 17
1000 440 0
195 6 15
88 344 19
612 556 3
658 618 1
634 777 12
208 923 7
430 194 20
83 584 7
890 24 11
971 43 14
356 468 11
145 416 1
198 293 14
826 775
495 735
75 797
975 722
865 485
720 415
358 593
841 861
715 815
736 609
184 714
809 518
94 807
80 88
904 707
809 498
498 761
997 302
142 494
61 58
540 59
611 834
336 284
278 628
305 733
674 133
117 456
901 769
626 951
805 472
76 58
800 22
231 673
592 555
124 118
609 578
809 217
477 198
643 413
657 263
600 198
523 578
595 442
388 359
658 872
735 139
318 766
782 12
93 445
292 669
308 831
921 932
561 801
553 529
721 291
37 926
426 729
193 124
373 359
859 401
996 194
0 1 30 2

10 33 97
170 467 18
453 440 5
570 233 7
25 850 17
1000 440 0
195 6 15
88 344 19
612 556 3
658 618 1
634 777 12
236 866
351 178
624 3
144 953
716 886
774 681
337 964
897 153
155 433
37 157
294 430
94 112
455 742
864 835
989 891
713 187
538 255
672 132
547 822
517 989
71 890
106 637
83 52
91 372
271 483
94 696
448 847
68 85
876 406
339 38
733 801
500 473
676 541
0 1 30 2

15 53 156
170 467 18
453 440 5
570 233 7
25 850 17
1000 440 0
195 6 15
88 344 19
612 556 3
658 618 1
634 777 12
208 923 7
430 194 20
83 584 7
890 24 11
971 43 14
556 757
48 600
357 322
192 629
379 789
366 991
737 361
74 690
808 137
717 253
592 212
947 12
165 373
476 657
464 794
120 249
365 423
754 736
317 49
148 303
247 768
869 526
337 565
987 748
312 692
871 0
482 305
727 244
653 155
511 323
756 469
116 779
392 698
143 456
390 184
270 560
686 186
552 173
597 140
934 646
591 638
410 38
998 857
219 349
415 191
38 403
9 434
412 585
249 755
463 199
50 255
303 456
63 511
0 1 30 2

18 61 182
170 467 18
453 440 5
570 233 7
25 850 17
1000 440 0
195 6 15
88 344 19
612 556 3
658 618 1
634 777 12
208 923 7
430 194 20
83 584 7
890 24 11
971 43 14
356 468 11
145 416 1
198 293 14
772 426
311 80
696 818
689 111
156 841
237 488
188 519
781 727
819 220
714 75
672 508
239 733
740 125
633 905
52 219
174 979
733 587
276 499
154 852
427 965
725 609
465 421
488 110
383 113
671 627
346 928
431 71
291 81
849 473
221 832
79 299
945 465
425 912
471 19
496 304
796 73
2 367
403 650
476 547
908 19
269 318
334 112
385 689
73 671
126 338
20 584
416 911
469 896
889 666
385 918
515 383
9 803
895 681
551 101
529 716
25 67
172 570
674 338
7 420
650 115
884 186
0 1 30 2

20 72 214
170 467 18
453 440 5
570 233 7
25 850 17
1000 440 0
195 6 15
88 344 19
612 556 3
658 618 1
634 777 12
208 923 7
430 194 20
83 584 7
890 24 11
971 43 14
356 468 11
145 416 1
198 293 14
441 496 18
741 152 14
320 31
516 599
903 778
437 484
132 544
659 482
680 653
850 491
718 530
876 87
898 331
926 985
471 372
494 551
473 821
753 578
830 576
661 925
271 127
979 384
459 624
667 419
530 924
370 430
593 773
736 718
785 442
718 230
507 386
265 954
481 789
262 79
790 378
834 16
466 60
692 964
305 463
594 108
129 369
354 658
298 541
15 344
852 983
40 963
592 530
899 235
478 878
29 534
491 549
201 655
749 629
263 551
239 423
80 235
840 863
982 959
119 887
948 416
479 395
247 558
248 962
122 576
481 747
78 811
654 928
400 411
681 38
984 726
791 877
361 8
889 692
486 485
0 1 30 2

21 74 220
170 467 18
453 440 5
570 233 7
25 850 17
1000 440 0
195 6 15
88 344 19
612 556 3
658 618 1
634 777 12
208 923 7
430 194 20
83 584 7
890 24 11
971 43 14
356 468 11
145 416 1
198 293 14
441 496 18
741 152 14
350 120 6
504 904
618 429
485 860
818 261
606 774
802 969
664 740
24 462
156 815
537 887
173 691
245 413
393 851
23 570
772 324
325 321
193 965
64 583
147 704
120 882
964 314
173 668
730 12
169 994
86 466
97 393
802 199
755 151
356 54
819 341
645 971
481 488
514 15
568 408
893 301
286 582
830 44
265 334
86 149
137 904
654 353
623 183
844 640
374 474
386 711
347 494
380 809
9 471
871 137
17 494
686 757
422 8
575 299
785 668
766 308
199 351
166 252
634 34
109 594
319 719
1000 731
594 418
676 902
254 928
171 705
874 848
560 799
547 878
427 234
172 664
104 231
372 177
595 43
124 910
0 1 30 2

19 67 200
170 467 18
453 440 5
570 233 7
25 850 17
1000 440 0
195 6 15
88 344 19
612 556 3
658 618 1
634 777 12
208 923 7
430 194 20
83 584 7
890 24 11
971 43 14
356 468 11
145 416 1
198 293 14
441 496 18
100 587
480 842
715 105
514 150
926 590
38 421
388 302
937 657
307 196
339 715
676 111
121 176
22 201
199 972
635 973
522 243
224 689
384 438
765 458
190 930
882 963
165 131
245 941
855 46
322 297
902 460
608 93
517 57
91 570
419 142
104 936
413 216
49 68
851 893
593 602
425 796
103 184
95 846
17 713
249 35
5 196
441 364
771 51
420 441
380 760
397 564
560 622
773 306
135 560
914 13
106 267
448 894
754 263
892 323
503 595
60 310
482 607
50 630
715 551
372 264
369 726
636 268
752 951
655 416
247 687
533 945
742 334
0 1 30 2

17 57 168
170 467 18
453 440 5
570 233 7
25 850 17
1000 440 0
195 6 15
88 344 19
612 556 3
658 618 1
634 777 12
208 923 7
430 194 20
83 584 7
890 24 11
971 43 14
356 468 11
145 416 1
506 629
303 959
636 898
929 167
988 417
800 645
982 259
10 910
685 533
204 288
170 412
110 854
871 995
928 577
178 250
750 409
166 474
280 521
174 793
115 234
958 374
352 114
869 115
259 631
805 590
757 976
582 189
737 603
802 368
782 849
575 158
697 339
190 33
853 882
365 580
462 908
258 588
883 458
741 314
206 284
831 700
607 123
68 263
56 169
460 155
565 25
131 105
795 114
571 338
646 902
959 146
864 198
47 674
935 384
592 258
454 361
110 229
0 1 30 2

10 33 97
170 467 18
453 440 5
570 233 7
25 850 17
1000 440 0
195 6 15
88 344 19
612 556 3
658 618 1
634 777 12
602 27
975 28
134 158
125 430
118 287
923 680
812 334
531 388
674 111
949 593
467 9
824 937
650 240
696 773
774 72
778 368
864 500
401 673
356 229
271 914
888 994
893 838
977 129
794 58
47 433
356 61
347 855
890 633
351 151
884 450
61 590
136 732
438 706
0 1 30 2

29 106 317
170 467 18
453 440 5
570 233 7
25 850 17
1000 440 0
195 6 15
88 344 19
612 556 3
658 618 1
634 777 12
208 923 7
430 194 20
83 584 7
890 24 11
971 43 14
356 468 11
145 416 1
198 293 14
441 496 18
741 152 14
350 120 6
435 280 19
82 237 17
637 810 4
664 276 13
220 100 3
214 78 19
312 497 12
167 581 10
43 845
473 113
150 229
1000 326
613 249
377 927
210 527
850 788
475 195
146 629
695 354
105 224
282 290
198 165
203 226
898 512
298 107
261 45
831 436
690 742
678 683
742 393
338 418
480 666
144 987
299 287
365 424
846 826
477 76
221 190
544 588
400 639
977 832
674 818
252 154
890 25
32 495
124 48
874 684
849 906
982 730
600 675
694 901
740 75
385 458
454 543
558 996
58 889
824 718
577 569
651 744
676 745
230 872
951 612
829 430
645 466
427 18
575 483
169 991
12 497
289 509
259 753
935 452
600 676
700 874
799 52
83 326
194 554
634 219
714 675
781 909
533 464
115 370
331 551
290 543
684 259
303 446
249 851
785 797
37 780
350 332
127 80
847 388
349 693
37 274
875 668
954 593
709 489
398 833
593 830
157 18
890 467
457 764
908 959
65 809
367 267
474 476
759 783
643 640
671 436
573 576
595 619
132 638
16 596
687 430
390 52
0 1 30 2

17 57 168
170 467 18
453 440 5
570 233 7
25 850 17
1000 440 0
195 6 15
88 344 19
612 556 3
658 618 1
634 777 12
208 923 7
430 194 20
83 584 7
890 24 11
971 43 14
356 468 11
145 416 1
966 230
690 554
701 22
73 818
240 123
528 824
371 776
399 406
930 953
668 755
50 3
537 617
671 239
140 228
342 277
442 355
332 606
837 901
972 511
649 749
329 885
204 569
732 647
871 61
841 487
508 780
675 389
158 768
472 434
635 971
396 764
626 982
392 444
73 343
467 698
231 990
935 653
267 934
684 199
1 343
473 778
853 170
770 266
246 493
849 856
430 8
182 518
358 711
937 604
390 327
418 661
10 413
365 254
235 765
596 656
197 121
380 349
0 1 30 2

17 57 168
170 467 18
453 440 5
570 233 7
25 850 17
1000 440 0
195 6 15
88 344 19
612 556 3
658 618 1
634 777 12
208 923 7
430 194 20
83 584 7
890 24 11
971 43 14
356 468 11
145 416 1
116 504
808 749
609 261
401 816
666 431
537 329
833 666
441 180
692 817
372 543
878 285
280 768
917 850
340 478
498 542
420 986
112 810
886 142
604 61
416 788
656 209
257 803
992 356
599 440
930 82
34 917
438 267
37 884
513 341
719 990
218 515
625 550
422 563
471 909
658 638
960 178
359 717
880 221
434 68
728 121
575 3
185 326
392 706
110 895
593 278
590 691
656 999
211 460
99 564
988 495
397 235
305 155
286 544
1000 570
541 145
457 414
496 104
0 1 30 2

7 28 81
170 467 18
453 440 5
570 233 7
25 850 17
1000 440 0
195 6 15
88 344 19
36 799
173 529
80 461
696 566
25 163
1000 995
818 586
276 658
712 43
247 499
397 657
330 905
938 3
547 842
780 285
13 484
232 272
175 324
696 948
736 461
580 83
326 381
252 830
36 413
315 868
721 919
836 49
570 541
0 1 30 2

18 61 182
170 467 18
453 440 5
570 233 7
25 850 17
1000 440 0
195 6 15
88 344 19
612 556 3
658 618 1
634 777 12
208 923 7
430 194 20
83 584 7
890 24 11
971 43 14
356 468 11
145 416 1
198 293 14
866 472
151 549
646 638
762 331
628 839
413 120
914 393
400 593
251 387
897 399
290 675
552 960
176 701
986 471
994 951
537 751
984 5
661 819
602 840
810 832
263 621
286 562
265 679
843 944
13 856
809 681
885 567
63 348
847 233
951 322
918 959
490 597
499 685
444 563
118 347
339 924
127 64
112 332
980 678
866 8
924 599
509 384
937 393
982 498
69 916
425 895
372 418
748 430
767 89
342 163
475 891
629 377
402 225
828 731
651 896
315 864
190 557
808 571
117 354
678 243
482 191
0 1 30 2

7 28 81
170 467 18
453 440 5
570 233 7
25 850 17
1000 440 0
195 6 15
88 344 19
607 480
651 120
37 727
401 746
326 296
67 588
786 946
138 15
883 25
610 140
447 714
582 54
278 502
62 810
74 299
26 863
90 865
241 753
192 235
514 237
155 182
114 545
450 316
657 274
291 350
601 398
161 912
33 874
0 1 30 2

13 44 131
170 467 18
453 440 5
570 233 7
25 850 17
1000 440 0
195 6 15
88 344 19
612 556 3
658 618 1
634 777 12
208 923 7
430 194 20
83 584 7
838 193
226 127
98 414
49 787
736 980
906 300
769 381
838 87
950 236
922 676
838 345
281 170
468 630
492 100
626 210
410 989
150 501
774 736
677 687
582 96
214 540
869 839
781 641
719 768
783 41
51 820
64 272
899 224
182 406
814 340
705 10
102 208
788 114
736 344
899 573
602 461
760 6
602 873
58 766
459 425
125 219
406 526
581 84
249 958
0 1 30 2

27 99 295
170 467 18
453 440 5
570 233 7
25 850 17
1000 440 0
195 6 15
88 344 19
612 556 3
658 618 1
634 777 12
208 923 7
430 194 20
83 584 7
890 24 11
971 43 14
356 468 11
145 416 1
198 293 14
441 496 18
741 152 14
350 120 6
435 280 19
82 237 17
637 810 4
664 276 13
220 100 3
214 78 19
571 136
617 806
523 233
294 604
230 826
350 838
589 224
65 614
859 771
522 120
266 808
372 690
81 66
1000 635
713 97
85 760
745 781
913 644
356 196
509 593
988 467
360 59
45 384
796 776
697 614
943 340
973 222
560 662
135 879
663 539
226 480
251 457
891 151
905 609
459 512
853 697
876 209
393 383
748 13
659 186
546 174
525 473
748 407
231 836
775 427
986 98
321 163
872 822
595 152
638 311
826 322
794 261
373 70
548 185
783 279
192 551
488 285
174 591
715 840
246 392
274 864
637 182
988 512
161 481
737 616
652 632
26 62
624 185
658 28
53 274
141 661
881 501
364 248
212 411
694 767
847 620
318 615
900 415
632 596
519 426
406 491
441 206
252 514
553 160
694 555
94 316
637 975
132 231
244 242
768 802
748 140
513 801
966 357
613 151
634 551
259 826
184 368
486 584
565 16
0 1 30 2

8 29 84
170 467 18
453 440 5
570 233 7
25 850 17
1000 440 0
195 6 15
88 344 19
612 556 3
168 107
844 408
134 974
589 27
407 310
653 842
686 434
887 967
978 471
120 786
144 130
763 62
71 575
725 410
507 42
721 296
421 1
825 42
473 465
766 710
771 202
989 445
28 454
169 734
512 332
113 491
925 89
786 556
998 935
0 1 30 2

22 80 239
170 467 18
453 440 5
570 233 7
25 850 17
1000 440 0
195 6 15
88 344 19
612 556 3
658 618 1
634 777 12
208 923 7
430 194 20
83 584 7
890 24 11
971 43 14
356 468 11
145 416 1
198 293 14
441 496 18
741 152 14
350 120 6
435 280 19
269 848
979 200
816 38
760 249
404 82
361 518
930 155
16 281
711 901
225 663
243 274
962 93
480 856
691 519
820 111
368 470
977 850
761 493
999 117
571 354
66 265
677 716
587 100
198 95
804 676
991 550
674 886
788 576
194 1
119 77
931 830
380 34
519 341
948 377
616 236
582 859
382 681
776 922
135 544
683 796
999 642
850 544
32 549
596 704
844 153
685 12
629 507
501 118
587 211
479 430
494 794
907 693
995 733
470 412
909 697
238 47
186 169
19 305
835 93
1 142
271 755
329 585
531 59
788 923
941 267
760 198
344 504
948 987
211 309
738 446
596 658
837 932
924 808
988 644
720 378
592 994
169 911
198 190
139 854
656 573
0 1 30 2

10 33 97
170 467 18
453 440 5
570 233 7
25 850 17
1000 440 0
195 6 15
88 344 19
612 556 3
658 618 1
634 777 12
497 221
98 31
591 647
518 354
139 117
784 97
81 808
990 955
233 164
627 857
3 439
918 150
612 533
780 687
792 449
394 701
319 140
516 352
903 322
305 268
837 787
777 621
916 828
19 948
556 721
978 119
451 696
201 537
383 818
368 116
539 949
817 840
238 736
0 1 30 2

9 29 85
170 467 18
453 440 5
570 233 7
25 850 17
1000 440 0
195 6 15
88 344 19
612 556 3
658 618 1
790 194
617 20
150 524
754 566
703 673
236 14
764 990
199 975
503 665
21 716
448 413
714 538
493 445
479 91
123 463
343 80
510 441
67 559
692 880
440 913
118 824
55 890
723 333
709 7
495 377
904 459
349 708
676 921
134 240
0 1 30 2

23 86 256
170 467 18
453 440 5
570 233 7
25 850 17
1000 440 0
195 6 15
88 344 19
612 556 3
658 618 1
634 777 12
208 923 7
430 194 20
83 584 7
890 24 11
971 43 14
356 468 11
145 416 1
198 293 14
441 496 18
741 152 14
350 120 6
435 280 19
82 237 17
827 909
825 89
25 946
579 971
884 652
575 938
903 491
100 441
644 630
436 244
699 498
261 584
334 361
641 114
30 351
617 993
535 711
244 136
539 321
128 380
174 118
185 693
325 674
444 0
419 315
870 432
122 273
16 390
444 360
234 60
831 796
112 276
115 450
453 663
852 402
271 224
352 988
457 534
187 612
389 81
690 77
971 526
542 224
176 807
823 819
204 905
943 474
380 593
699 436
632 285
538 167
230 111
543 891
967 579
827 1
949 69
377 943
547 230
447 592
243 786
996 952
124 719
166 214
707 649
569 594
315 335
503 741
150 41
225 129
77 26
701 925
366 686
440 72
711 83
448 109
439 992
377 892
984 350
674 60
860 236
831 197
941 281
613 538
777 531
576 367
630 62
0 1 30 2

