6 10 28
586 724 3
226 809 7
147 853 2
595 479 3
325 847 9
428 203 4
451 408
704 324
666 954
229 897
498 347
910 174
271 106
68 164
831 754
476 617

5 7 20
10 691 0
601 342 6
332 967 0
579 384 7
589 50 7
8 783
820 652
490 760
9 856
140 432
698 261
139 448

1 4 10
497 254 10
422 861
842 848
55 444
439 919

3 6 15
359 650 0
265 301 6
730 201 9
150 659
508 226
477 319
801 546
598 669
379 371

6 8 22
576 502 2
955 924 6
103 254 3
796 469 2
677 708 1
899 303 8
209 595
778 271
417 235
701 122
245 834
984 560
208 748
598 593

2 5 13
28 937 3
0 388 10
212 131
549 668
946 52
573 408
143 484

6 11 30
694 52 10
703 113 9
825 374 2
703 569 0
852 709 4
102 731 5
856 144
806 238
58 715
803 353
175 962
938 844
108 365
735 601
760 245
157 689
684 104

5 8 22
300 402 2
493 872 6
707 305 3
123 370 1
852 863 10
622 315
93 210
729 710
393 437
845 229
170 617
845 804
146 126

2 2 3
11 542 1
932 720 2
598 821
330 675

1 1 0
875 508 0
868 164

4 11 31
467 625 8
647 85 7
278 354 7
849 894 9
411 651
947 556
529 356
997 527
641 803
847 326
745 869
737 210
266 41
449 194
310 340

1 2 3
395 262 3
460 68
306 540

3 7 18
787 560 3
246 907 6
120 259 9
591 359
560 752
751 731
611 805
548 392
153 892
325 33

2 6 15
464 32 6
683 472 9
885 159
790 454
26 166
226 419
261 303
45 93

3 8 22
753 564 8
564 148 5
898 302 9
819 248
737 911
265 700
804 727
380 781
353 511
192 641
364 310

2 4 11
445 205 2
863 239 9
447 468
167 852
901 527
94 771

