1 3 8
196 340 8
927 950
802 620
158 479

3 7 19
569 728 6
851 251 9
193 672 4
629 74
645 646
298 545
313 119
194 655
72 582
289 929

1 1 0
851 145 0
147 674

3 8 22
312 826 10
344 700 5
172 428 7
111 577
176 696
601 104
823 583
554 299
15 836
438 802
492 528

6 9 26
202 480 1
137 624 1
551 753 10
280 514 7
307 381 6
840 286 1
216 669
304 158
722 707
984 333
370 781
727 354
771 248
294 776
969 310

5 8 22
315 270 8
962 500 8
355 168 4
213 818 0
644 985 2
213 421
412 188
943 622
620 485
896 227
304 424
727 206
205 709

3 5 14
653 379 5
134 873 1
737 476 8
42 156
265 522
632 745
760 822
431 522

5 4 10
277 624 1
802 809 4
391 875 0
90 804 3
537 881 2
554 147
488 186
975 40
265 621

6 10 27
929 780 0
929 462 9
120 296 4
88 91 6
584 292 7
69 585 1
626 916
923 942
717 20
117 366
635 471
856 696
157 550
416 763
623 487
796 116

1 2 5
427 337 5
686 188
18 28

2 3 8
973 596 5
675 155 3
619 718
642 826
501 930

4 8 22
452 437 3
336 358 10
813 798 8
194 753 1
778 647
589 598
129 453
307 103
968 512
710 909
473 814
785 476

2 4 10
720 270 5
266 490 5
856 435
183 863
20 377
96 681

2 5 14
172 978 10
268 951 4
178 560
439 957
142 717
628 62
320 741

5 9 24
824 642 6
851 917 1
981 364 9
370 778 5
527 187 3
893 704
80 217
786 533
334 229
344 255
662 263
11 583
486 400
299 763

