6 44 129
696 281 21
673 471 8
347 408 7
514 986 35
370 475 10
711 71 48
695 567
112 635
461 761
143 809
355 81
95 874
556 876
284 683
114 608
712 645
918 670
520 999
757 203
499 892
666 741
601 647
213 218
528 685
996 599
497 523
870 296
78 175
318 656
334 230
284 634
631 984
576 693
998 701
997 179
569 155
850 784
133 404
209 995
385 942
652 142
428 453
779 900
343 276
134 890
296 661
753 445
584 600
416 999
823 55

4 26 77
284 681 29
137 250 0
223 816 35
208 441 13
373 576
302 26
742 783
97 631
830 458
71 541
236 986
830 539
464 500
479 927
707 485
687 470
143 784
726 893
73 331
510 884
250 424
416 430
435 949
301 824
579 892
905 706
828 836
716 336
696 355
391 489

2 21 60
484 472 33
385 281 27
12 561
970 403
528 286
620 136
926 468
166 915
898 94
856 780
716 111
449 156
389 380
296 253
538 902
246 222
493 799
540 871
550 277
666 218
395 718
724 722
434 511

6 58 172
457 657 45
910 863 49
116 504 4
266 226 33
208 215 15
951 938 26
981 637
693 614
590 861
564 222
753 537
202 221
895 507
241 253
608 75
852 766
838 926
280 225
995 556
580 80
290 378
347 737
581 681
662 821
261 567
675 884
406 421
465 253
663 639
963 405
545 202
670 540
290 956
184 829
175 330
50 978
926 664
866 473
606 235
179 243
392 583
133 876
127 690
731 300
766 555
823 151
890 580
382 57
24 449
673 967
597 566
636 118
567 828
554 96
803 314
330 457
752 992
858 929
731 95
438 115
96 518
447 993
348 896
711 101

2 29 84
541 248 44
503 505 40
346 145
438 642
661 414
426 787
448 813
812 741
41 737
110 909
307 857
734 722
435 842
712 320
871 590
588 219
874 794
811 465
351 92
994 244
791 162
60 223
237 516
316 960
40 494
274 738
252 247
324 686
231 644
730 505
27 412

10 68 202
467 364 8
377 18 36
356 701 7
694 618 14
535 863 15
502 961 17
83 523 31
580 705 29
520 801 25
590 641 20
890 836
299 734
550 414
535 769
509 332
672 960
22 507
414 319
938 703
415 64
156 959
87 273
668 998
568 710
519 587
138 35
444 899
61 88
272 55
109 664
138 582
941 606
650 682
975 573
718 874
107 183
883 531
629 768
668 591
25 103
845 572
498 51
436 972
211 40
530 842
759 738
921 846
945 76
225 58
102 546
481 184
254 290
140 791
329 277
35 370
15 870
874 75
853 138
571 706
261 722
742 80
768 43
976 667
184 778
433 324
421 250
664 532
398 357
237 463
28 345
307 74
12 658
554 239
140 776
504 277
123 224
812 943
881 997

2 22 64
788 829 26
590 293 38
969 816
634 764
217 57
470 454
375 182
232 448
768 69
266 988
261 28
863 76
864 894
618 373
424 408
585 770
308 499
415 479
708 542
420 701
830 309
974 483
255 113
852 65

3 37 110
729 927 27
166 161 39
434 692 44
537 900
845 824
337 751
641 911
706 729
417 239
390 960
88 530
338 298
443 489
495 107
804 558
507 265
44 5
280 472
591 440
630 51
115 53
870 396
339 240
23 102
120 111
776 848
304 477
117 178
420 693
79 324
923 234
548 432
298 147
251 765
76 30
653 213
288 527
839 327
634 995
490 534

5 46 136
45 680 21
735 18 39
142 79 48
764 15 26
795 554 2
487 785
291 433
642 413
672 674
667 350
988 106
198 924
684 461
760 696
707 698
586 413
957 23
224 295
985 631
40 738
869 688
714 691
768 638
784 264
228 632
690 690
937 906
202 274
987 693
188 27
518 352
451 121
880 985
528 2
797 731
765 918
98 197
769 332
925 851
147 342
41 642
317 139
763 609
407 740
439 500
173 640
33 238
737 37
570 883
269 296
774 326

8 53 157
358 167 21
216 445 3
607 756 26
657 772 5
200 268 10
763 526 39
566 802 43
864 161 10
636 894
311 957
445 75
938 730
171 742
477 544
50 858
932 405
23 395
801 283
674 694
118 975
216 957
294 176
77 195
289 329
162 509
401 659
456 488
511 618
569 537
756 6
135 556
766 299
659 506
659 558
365 847
34 195
425 555
116 949
327 303
474 933
833 962
162 842
970 263
669 395
924 459
549 119
423 763
972 785
621 775
950 691
210 662
23 360
989 579
86 841
105 397
1000 575
864 293
420 9
828 847
626 758
212 713

2 19 54
47 637 37
702 937 17
211 45
656 528
745 491
982 890
987 598
80 184
231 976
374 658
267 714
438 561
196 95
265 221
256 804
836 251
17 935
770 921
866 914
472 433
723 576

2 18 53
155 107 35
443 764 18
10 277
405 0
266 452
539 224
658 331
715 568
152 414
594 66
629 470
702 874
45 514
129 206
759 972
17 932
804 750
830 598
229 265
587 768

3 25 73
720 753 26
372 55 12
111 44 35
27 129
852 207
332 767
596 692
323 713
184 94
283 211
192 735
400 756
663 965
516 903
643 582
679 291
633 745
591 121
67 780
6 597
418 121
199 542
494 712
791 835
182 888
289 356
832 834
802 748

8 71 211
158 450 43
922 537 33
840 382 21
127 320 17
626 152 29
899 212 39
989 893 23
341 625 6
386 400
876 789
702 30
622 312
79 383
614 796
697 156
716 782
24 507
214 110
573 149
956 658
540 603
340 61
498 818
587 168
709 823
108 384
432 856
844 621
593 443
471 481
285 468
603 112
976 944
360 242
314 514
957 866
589 828
928 890
933 518
159 375
15 548
183 933
35 891
974 644
418 767
484 922
339 752
983 109
750 172
662 564
23 366
155 655
586 193
999 109
676 73
632 338
620 383
962 380
257 900
555 962
836 49
239 947
754 486
122 139
941 811
617 906
294 139
135 581
899 424
852 225
86 473
492 785
255 421
900 291
42 47
308 943
988 879
211 376
68 10

8 58 171
975 929 10
741 828 19
290 980 20
351 454 14
242 577 13
99 826 10
826 88 42
966 170 43
46 167
828 235
446 136
655 295
562 493
812 114
158 716
833 632
169 378
834 728
711 365
156 920
611 739
307 603
615 864
631 202
130 784
316 749
791 792
255 829
812 517
620 914
702 478
322 824
475 24
346 673
137 583
949 328
190 565
598 850
587 151
315 252
525 812
748 683
38 532
131 887
80 299
25 250
98 511
476 790
45 149
761 26
325 251
305 829
438 480
276 420
682 435
831 0
393 988
683 83
461 85
376 592
449 968
953 915
454 497
594 525
412 728
69 514

8 88 263
148 509 6
579 394 36
730 706 30
425 127 42
379 285 35
366 333 30
796 116 36
23 287 48
929 312
454 708
267 84
330 878
781 854
556 735
627 332
506 132
170 805
798 693
659 466
858 832
135 665
478 133
778 297
661 881
918 343
231 729
470 521
856 89
195 189
294 577
904 118
597 848
154 104
823 392
658 786
638 557
702 348
939 817
897 195
68 328
827 421
385 57
961 592
883 849
164 874
609 249
281 418
894 494
35 444
258 259
543 127
699 542
931 910
644 132
125 948
308 810
896 801
110 919
405 215
677 224
711 946
817 229
360 238
474 685
11 790
804 19
48 898
831 31
322 910
353 47
202 0
105 62
562 922
422 15
769 788
601 176
732 890
857 272
892 656
224 231
679 61
23 213
977 21
82 778
682 828
80 937
930 276
515 421
452 908
431 446
708 979
952 594
929 108
827 558
419 350
290 739

10 71 210
70 953 42
779 181 34
504 431 1
909 71 17
6 199 7
218 219 35
458 658 18
577 415 31
796 307 19
627 987 6
630 604
63 301
492 110
216 833
351 969
521 846
475 278
663 221
967 817
176 230
492 839
387 90
137 278
320 745
825 388
891 73
392 56
560 808
314 12
827 486
895 735
805 971
923 880
272 500
242 920
189 397
191 129
483 485
131 15
831 594
482 649
573 426
341 692
323 221
952 626
813 618
939 592
919 603
595 772
670 665
291 297
374 305
372 755
882 590
976 11
212 959
961 90
698 874
139 845
453 204
9 867
286 100
636 638
842 473
644 293
130 366
370 355
554 753
837 895
462 310
132 235
171 471
588 819
144 498
923 663
672 930
313 161
466 595
312 985
827 278
5 3

11 75 224
307 187 28
815 77 14
272 737 18
860 512 3
954 732 4
889 446 43
281 357 10
956 586 26
565 105 2
841 219 28
539 370 48
694 154
826 148
914 300
665 621
416 463
200 111
672 571
87 540
418 471
65 559
349 769
646 551
682 49
710 515
329 462
791 227
69 213
376 617
456 729
176 532
331 542
190 665
893 397
514 783
359 425
412 396
107 892
76 438
422 27
632 742
947 799
920 363
867 347
434 478
914 726
322 164
766 110
922 854
961 563
28 206
632 29
482 141
3 162
886 730
397 26
652 347
448 566
889 481
956 526
747 908
358 668
26 997
119 824
927 70
454 758
240 345
6 532
639 715
550 888
983 877
449 761
748 827
415 176
588 265
279 785
508 925
757 73
532 438
584 35
64 469
26 716
790 814
550 862
938 336
557 366

2 10 28
194 330 17
337 344 11
961 170
995 47
745 571
621 402
857 625
127 369
571 223
453 164
348 415
563 642

9 79 235
652 458 46
113 633 20
972 933 39
597 56 44
20 876 26
637 447 7
567 296 43
924 149 3
286 610 7
998 606
437 463
848 722
603 680
224 326
52 913
154 875
969 577
218 569
304 304
912 859
390 285
485 204
449 412
909 194
625 863
768 213
775 466
719 319
863 388
519 271
959 190
589 248
225 4
137 709
478 141
837 534
523 481
364 740
530 57
524 680
480 729
29 30
549 896
191 570
33 402
644 189
3 177
88 363
452 707
145 236
411 74
157 406
953 796
184 896
472 500
131 737
270 632
285 867
847 455
221 247
719 896
195 534
179 967
718 205
139 184
325 641
989 814
394 592
181 143
212 728
719 637
868 458
841 836
26 543
751 887
676 439
642 211
116 455
124 902
930 834
417 976
157 136
519 588
246 332
363 334
917 358
651 699
138 977

10 63 187
789 715 10
322 326 46
767 520 4
562 556 16
540 829 47
106 214 28
692 918 2
731 357 8
30 29 5
575 245 21
200 210
654 331
176 532
309 458
635 409
641 447
202 160
900 750
690 654
607 480
73 354
928 25
578 653
536 880
972 491
783 252
695 607
412 676
73 453
494 573
646 808
944 977
462 237
465 336
139 459
724 607
67 33
15 91
0 741
419 790
693 679
174 34
761 620
794 980
703 937
530 81
333 762
236 597
146 164
728 94
945 383
817 638
549 656
220 942
297 798
980 531
90 689
390 215
335 258
909 382
857 503
402 999
823 46
805 47
484 936
26 440
76 670
763 726
838 469
632 176
384 227
131 444
674 118

7 65 193
19 457 27
398 664 50
937 874 40
951 883 30
726 842 7
319 288 36
777 725 3
695 134
808 289
660 917
775 592
103 856
446 845
740 919
228 656
205 262
569 882
24 253
609 587
687 385
948 709
359 417
761 134
897 988
334 368
645 455
585 370
794 633
598 574
976 129
732 525
787 618
978 183
539 92
155 410
498 224
511 531
376 944
847 37
187 421
997 236
417 948
733 822
271 795
414 244
551 608
834 484
64 70
861 878
433 432
80 288
939 653
803 744
955 59
313 380
371 613
647 183
529 27
474 667
278 438
486 831
621 377
837 907
15 554
873 377
597 802
544 999
312 872
795 884
248 751
314 775
606 272

1 13 37
928 673 37
10 989
72 383
353 805
774 310
46 820
88 689
170 379
771 826
543 227
829 215
270 394
474 91
135 119

6 62 184
845 490 36
177 678 40
509 731 46
872 461 46
335 818 11
887 169 5
20 679
412 899
237 424
462 610
787 674
923 424
391 159
477 486
390 343
564 382
984 979
8 438
394 693
170 48
6 88
729 817
900 232
222 361
335 536
761 111
679 730
821 292
334 479
862 264
435 2
303 506
842 197
488 305
961 642
165 706
39 436
531 571
557 394
857 131
340 849
108 203
358 810
318 81
730 85
405 651
799 100
228 23
262 332
845 456
448 64
924 581
268 434
49 432
487 881
204 215
733 800
741 133
684 366
432 675
996 351
319 782
938 236
126 383
642 151
819 524
33 747
141 953

2 13 37
507 981 11
314 627 26
848 975
360 615
247 306
608 189
882 796
599 265
356 600
961 490
255 480
54 858
925 499
478 924
913 297

1 17 48
927 769 48
969 400
856 813
907 878
433 944
455 78
614 268
172 765
437 982
626 863
255 98
989 248
309 117
652 707
923 87
444 94
828 944
966 500

5 37 109
419 678 26
8 720 37
603 512 21
291 408 4
289 415 21
841 538
763 4
402 837
66 949
756 712
328 181
882 116
258 259
530 610
611 38
665 854
538 817
475 430
64 956
415 47
133 284
968 450
304 301
30 354
583 148
502 123
681 639
873 113
775 232
74 543
859 616
532 485
399 771
744 622
406 982
18 461
4 831
894 988
321 240
285 541
54 880
776 313

3 10 29
613 250 19
511 773 1
645 937 9
883 645
71 678
516 909
745 706
596 646
273 487
469 734
654 841
539 263
382 199

7 69 206
845 296 42
42 828 31
364 265 29
571 806 37
615 448 45
799 112 7
289 634 15
697 168
619 853
455 19
449 658
299 295
184 838
885 622
493 574
899 80
299 286
493 221
862 197
221 583
642 697
428 401
337 496
941 702
381 573
61 811
51 581
146 711
994 2
48 591
150 569
610 532
561 375
801 586
58 435
335 293
744 871
695 509
695 808
709 693
877 883
342 57
934 504
572 75
811 426
712 144
726 627
560 683
620 728
725 340
452 729
187 102
95 384
843 907
632 121
959 312
311 502
318 197
588 61
564 757
104 370
144 583
75 597
613 831
710 518
538 563
16 893
855 385
52 489
41 205
744 320
576 495
360 104
945 919
960 971
853 367

6 38 112
338 41 5
651 102 1
691 896 41
810 479 31
155 637 1
24 266 33
741 720
40 831
187 973
702 287
622 627
466 208
609 821
97 217
545 877
592 311
773 447
657 445
264 555
733 6
815 821
129 608
933 621
150 362
731 665
371 788
873 353
655 608
427 218
39 786
60 995
29 148
716 202
299 880
77 269
334 704
235 664
361 82
702 408
480 965
187 362
767 731
679 291
661 806

3 23 66
616 592 17
687 822 11
650 23 38
777 341
630 147
881 463
878 20
381 571
323 162
859 285
189 667
234 208
489 202
507 687
274 639
195 966
706 397
823 892
924 833
353 301
269 400
632 789
544 988
441 274
85 448
739 183

1 5 13
845 342 13
373 487
431 561
293 193
513 389
373 219

4 34 100
616 664 11
587 219 27
455 81 21
660 563 41
530 197
520 563
303 621
866 750
240 330
320 496
353 427
688 514
90 170
485 423
759 863
397 327
571 632
552 625
582 970
940 495
466 929
636 935
284 114
802 833
484 731
796 185
720 12
845 30
461 451
716 948
564 611
426 680
441 404
1 860
163 73
941 874
286 983
753 61

7 77 229
567 310 11
185 670 49
254 624 39
9 523 19
257 152 29
560 843 44
225 793 38
842 731
179 248
198 552
980 75
792 863
471 105
487 840
745 428
361 410
174 765
138 761
197 232
825 387
251 823
441 995
661 957
497 9
270 354
601 426
640 306
629 117
473 49
413 701
191 735
486 903
893 569
96 206
410 668
463 635
520 337
599 840
768 900
867 214
204 969
362 467
46 275
356 526
86 378
242 65
919 535
893 406
702 83
649 137
816 231
19 130
926 86
839 853
583 224
248 712
480 346
732 824
661 16
115 337
251 425
261 378
486 474
339 945
298 905
727 928
558 293
105 794
641 747
751 808
194 27
554 846
398 101
441 707
167 388
753 211
977 82
959 879
575 132
847 425
209 949
453 554
934 695
945 279

3 34 99
956 801 30
928 164 30
823 685 39
592 812
782 699
582 654
328 77
603 722
723 773
883 457
27 22
270 295
674 185
503 830
644 930
799 515
62 181
525 441
817 609
536 747
95 717
656 198
545 108
86 418
838 729
134 57
568 465
802 947
922 180
154 702
701 93
735 64
205 116
56 820
215 186
646 64
960 432

9 89 265
537 618 50
40 396 7
854 301 34
648 569 28
509 471 32
760 20 50
250 413 38
922 268 22
612 647 4
89 857
388 806
415 115
561 873
210 267
993 223
333 980
91 750
510 360
773 529
694 537
863 772
218 223
578 303
615 138
237 570
863 548
181 412
642 167
963 843
145 1
771 987
695 329
812 132
135 247
714 781
55 851
610 885
938 471
518 91
673 10
165 64
508 182
418 680
65 597
328 500
664 180
34 636
546 900
0 115
513 779
321 417
585 564
981 588
387 881
788 685
994 798
121 993
359 625
153 128
303 420
425 884
784 322
614 317
422 850
127 0
791 6
908 909
422 166
167 873
894 745
884 341
422 57
806 193
246 660
458 126
9 266
429 254
991 738
338 698
645 707
286 288
721 823
987 648
496 376
706 626
309 34
527 236
752 760
869 329
322 855
19 949
259 804
599 23
765 414
116 543
480 199
730 760
765 537

11 79 235
833 51 48
75 925 5
728 982 38
853 629 6
775 822 33
284 132 26
426 37 19
97 376 17
385 340 21
59 466 16
716 616 6
514 712
199 407
680 525
129 754
737 206
129 184
279 168
541 502
837 516
835 998
202 964
789 485
655 158
790 183
925 908
576 661
505 307
596 92
417 90
369 344
344 907
671 216
929 354
735 765
766 450
274 851
287 655
706 2
373 366
661 138
140 169
344 220
852 536
112 204
832 531
519 840
680 797
908 428
197 347
53 778
650 400
102 779
803 831
441 895
744 202
438 96
572 526
96 194
68 775
386 241
324 850
904 249
446 483
889 342
489 306
85 767
680 24
694 322
461 343
63 616
502 884
817 967
220 940
325 547
723 569
338 773
231 435
639 415
978 991
7 366
774 409
413 697
175 489
725 598
970 850
646 157
192 48
77 14
139 356

8 61 180
339 479 11
458 219 0
414 767 8
460 561 20
211 746 31
506 899 36
408 684 33
442 931 41
295 594
690 405
621 431
817 529
491 380
414 619
239 933
174 59
584 257
551 663
334 939
653 848
539 521
15 987
38 274
926 743
472 361
723 491
274 168
104 880
849 861
410 890
325 47
287 611
850 111
50 13
419 942
244 548
833 992
350 10
38 921
489 31
335 355
395 446
938 706
120 172
308 169
204 588
309 68
669 421
737 96
10 275
545 72
566 438
5 505
761 630
207 271
935 340
310 981
888 334
752 19
997 604
354 469
142 148
103 268
974 196
506 483
694 804
890 784
606 39
969 670

7 46 136
988 257 13
115 946 26
682 488 7
527 801 25
854 781 16
18 441 3
223 764 46
815 221
571 723
980 95
207 956
617 93
860 483
906 318
290 433
469 847
24 783
790 333
597 197
348 38
420 370
642 676
205 448
994 330
134 12
320 832
213 648
3 725
916 241
785 909
414 361
420 298
304 939
479 958
621 762
281 545
694 408
944 968
664 982
616 948
240 594
486 804
105 350
968 404
865 8
390 581
385 168
72 21
701 764
384 455
388 274
762 945
690 607

2 7 18
290 144 4
943 805 14
20 609
67 426
557 378
550 112
860 408
787 35
254 896

9 73 218
668 303 12
706 247 34
212 720 32
802 858 11
242 903 21
998 876 14
27 596 25
434 122 47
578 395 22
709 457
542 231
554 794
936 777
882 101
21 767
392 47
278 261
57 361
81 409
833 299
710 843
495 231
511 709
924 896
193 885
323 356
889 321
877 190
593 614
115 155
625 673
176 315
719 190
53 514
544 425
254 290
427 369
567 456
824 604
870 903
759 267
727 570
87 809
899 170
587 558
119 695
178 564
686 517
476 397
813 701
183 754
612 252
950 229
420 852
11 317
129 836
975 105
564 734
797 998
19 242
302 944
732 282
915 412
273 522
881 41
883 229
569 235
923 475
486 53
650 195
663 701
823 956
748 405
157 37
990 938
282 967
212 948
803 938
588 117
456 597
813 5
113 117

8 47 140
46 443 0
273 424 3
909 726 20
227 937 7
995 840 21
615 163 33
272 823 45
210 310 11
685 442
27 797
41 528
733 412
469 289
86 680
535 619
512 20
199 408
730 70
415 998
397 214
162 273
359 817
458 982
725 334
496 583
299 869
873 633
617 175
280 498
213 887
532 494
344 171
938 134
118 460
634 929
172 392
684 96
888 56
621 698
647 175
306 119
742 490
682 974
447 745
425 297
342 457
807 283
0 92
857 801
839 794
58 198
204 116
199 586
797 182
77 433

1 6 15
410 98 15
246 563
828 306
679 493
973 593
169 707
966 553

6 64 190
677 849 12
945 207 50
736 278 30
66 880 20
159 112 50
477 282 28
360 131
701 874
317 557
756 538
750 407
553 899
754 86
604 432
853 539
603 653
184 925
610 6
841 412
284 568
579 445
143 0
928 441
52 677
815 998
375 632
241 81
366 748
859 940
252 223
589 748
833 892
515 795
916 60
7 324
108 677
912 184
566 762
877 897
570 741
439 387
542 971
894 114
571 714
316 771
181 18
419 643
961 841
678 578
712 698
251 351
479 126
977 611
476 913
284 15
848 238
746 854
272 956
194 542
939 900
425 52
986 327
636 836
698 147
97 976
5 572
319 455
680 985
14 890
794 308

2 30 88
792 695 44
371 205 44
200 51
849 661
656 193
457 952
535 676
120 503
230 19
245 133
197 813
85 621
661 445
424 377
522 576
548 323
436 258
677 642
229 293
343 627
435 565
658 589
261 724
601 497
229 292
639 489
114 1000
588 964
430 716
542 857
698 85
356 1

1 10 28
428 936 28
547 657
510 767
419 668
72 953
46 30
705 241
110 261
928 296
832 204
4 873

8 67 198
788 651 39
625 347 20
582 800 12
410 567 14
453 772 40
796 759 18
298 289 50
624 83 5
811 774
44 472
843 298
430 489
816 998
815 853
310 7
435 780
74 84
739 423
28 9
670 246
603 756
268 838
711 915
986 488
477 528
359 497
965 310
123 568
864 930
413 43
812 285
659 28
731 605
694 326
917 523
531 434
467 823
926 699
820 93
890 142
828 669
205 586
787 220
478 107
385 231
586 140
531 742
989 635
685 977
301 605
206 652
208 189
86 172
536 777
360 363
860 250
540 947
403 847
538 606
513 869
378 207
815 169
170 786
10 67
278 565
229 269
291 212
129 743
411 144
306 470
70 817
255 677
662 766
612 902
372 82

3 31 90
988 927 10
529 58 50
878 653 30
856 887
409 720
106 468
780 526
644 187
500 524
296 409
740 811
787 156
491 698
149 302
766 630
636 309
621 975
126 380
952 380
880 476
243 417
825 661
689 659
693 137
423 940
255 491
374 139
50 355
192 460
837 864
891 521
535 463
761 637
461 342

2 2 5
158 577 4
668 64 1
792 702
664 968

5 60 177
195 294 42
992 619 26
690 115 38
136 996 37
652 239 34
897 286
742 999
866 571
524 169
584 103
212 575
182 633
735 306
760 730
623 273
851 569
215 217
621 312
630 32
637 96
652 810
990 812
839 86
0 8
125 555
649 997
523 351
324 595
367 662
985 140
360 42
181 278
685 688
93 78
785 855
880 360
361 227
414 691
194 594
481 721
192 3
777 522
379 509
887 673
317 156
886 666
472 168
741 680
675 945
202 59
209 787
389 779
567 813
144 833
719 964
206 150
419 289
11 391
846 935
152 797
917 24
558 493
152 500
318 0
651 925

8 89 266
5 606 42
170 85 27
472 19 34
152 90 12
508 137 50
822 125 39
897 919 18
421 270 44
86 958
668 536
988 539
512 191
807 34
207 429
811 335
287 271
793 552
911 789
120 13
563 659
488 475
805 45
588 335
731 515
843 954
858 287
924 921
280 195
432 98
234 404
997 612
665 550
530 909
476 923
903 502
587 869
235 923
879 165
323 618
140 91
371 475
158 659
873 162
848 461
136 887
635 245
755 245
204 917
191 996
353 78
870 419
208 567
82 465
602 900
547 390
437 396
174 884
685 2
238 165
565 142
926 59
880 223
981 892
685 127
98 84
954 323
46 156
769 355
427 116
551 84
410 625
427 74
815 600
799 401
394 251
438 648
978 571
273 949
424 767
304 750
220 971
190 422
608 72
118 754
774 599
873 589
939 149
52 313
951 39
565 145
189 352
903 788
448 2
877 987
293 813
755 402
626 769

9 65 192
733 394 22
191 594 7
324 778 27
200 617 9
715 757 50
640 6 17
866 540 15
280 924 5
820 328 40
919 322
226 537
193 625
611 752
352 268
333 983
528 639
807 690
909 613
550 60
293 274
917 886
141 663
589 913
550 454
977 867
333 659
900 569
718 406
771 791
163 114
956 685
245 269
637 147
940 888
572 619
869 865
9 243
663 886
442 444
584 624
448 377
360 671
86 996
22 798
895 660
452 664
789 413
724 781
73 542
448 554
482 840
289 233
752 973
528 241
748 135
770 754
150 510
740 289
386 147
322 204
479 945
500 143
626 292
537 18
702 429
19 258
259 709
653 713
632 682
60 654
508 415
12 672
34 112
38 882

7 50 148
881 971 5
582 567 30
843 334 15
820 884 18
514 826 6
493 224 37
840 841 37
665 859
537 522
301 634
636 426
199 313
519 329
333 854
448 959
415 98
635 758
656 577
105 352
455 173
392 31
981 430
95 70
877 988
126 190
752 909
636 735
582 93
547 951
410 230
433 141
601 522
925 338
328 544
121 936
411 125
279 31
446 723
175 42
856 273
216 286
260 152
687 117
608 733
318 397
707 355
549 181
980 268
201 407
539 645
735 322
24 86
350 441
146 947
940 21
237 280
75 932

3 26 75
229 866 34
288 506 36
885 549 5
484 200
122 145
58 926
882 922
486 986
871 804
302 897
394 489
257 575
380 394
866 36
369 253
434 596
49 382
955 618
658 722
333 108
990 324
975 569
18 346
14 131
831 975
782 556
465 119
31 794
796 199

8 83 247
919 452 44
736 418 23
876 782 28
644 399 22
730 298 27
265 44 48
382 752 46
228 939 9
191 88
603 475
663 631
343 646
859 873
881 44
811 239
754 409
999 210
233 931
448 168
258 535
822 332
725 586
213 997
938 669
636 136
245 277
825 54
556 341
547 736
424 832
156 974
585 923
772 953
940 599
329 241
804 202
282 922
922 368
287 501
328 180
679 676
184 934
263 92
430 141
11 587
524 152
210 147
147 286
992 490
151 769
291 226
975 707
235 891
972 130
593 780
692 16
41 722
457 648
186 225
850 632
248 789
529 615
434 78
524 826
875 849
307 632
695 682
106 778
508 168
95 424
362 783
635 942
246 471
681 431
499 16
391 913
560 559
414 557
159 75
280 637
998 388
42 923
162 159
942 431
178 703
115 25
292 318
910 121
477 550
477 627
974 291

3 30 89
113 77 38
455 691 35
470 25 16
379 741
291 81
804 45
358 710
831 834
498 946
295 926
297 291
990 988
676 467
616 59
989 226
421 830
453 439
503 89
533 611
888 679
256 797
80 120
196 109
462 521
999 949
345 293
28 615
323 102
184 561
990 633
243 42
257 704
789 528

3 14 41
604 4 20
509 621 10
674 19 11
317 22
440 36
822 230
569 917
848 513
582 486
300 341
266 214
938 329
297 677
546 409
642 273
972 99
815 191

12 87 258
594 262 26
419 10 6
446 324 37
163 557 24
108 634 39
593 831 20
15 536 43
323 14 10
559 480 6
143 346 36
976 229 9
411 8 2
161 908
511 984
70 678
774 465
924 447
652 5
806 415
199 504
161 630
923 133
251 976
118 86
680 524
982 762
712 83
232 156
144 819
9 925
891 295
109 931
430 913
962 973
440 879
422 891
184 49
837 755
388 34
605 695
663 179
849 342
46 777
1000 836
559 367
576 913
965 427
421 82
256 56
874 298
186 727
556 49
272 455
124 295
292 436
32 543
767 414
863 774
842 113
223 21
378 334
327 993
291 192
642 368
416 897
746 435
464 916
692 722
334 254
720 118
19 795
29 428
696 549
558 717
281 964
485 205
118 853
453 541
614 855
504 225
470 865
557 77
238 464
894 65
416 526
284 894
684 179
674 729
307 946
447 341
635 233
701 545
173 666
536 401
606 539
22 549
25 31
653 63
21 305

3 24 70
496 329 25
466 427 33
109 202 12
616 34
239 665
997 91
334 922
863 241
78 994
54 837
252 903
354 956
659 826
410 268
883 428
671 456
304 876
336 809
168 485
597 903
815 666
54 3
40 420
708 339
20 226
469 44
137 465

5 42 123
915 75 33
323 549 16
578 437 40
104 681 16
299 372 18
617 342
641 900
681 257
434 109
101 471
98 237
135 916
204 830
116 33
994 713
971 728
654 440
202 990
226 437
63 624
518 769
795 589
881 446
297 788
372 336
681 402
984 540
355 517
960 503
888 668
191 932
396 415
305 848
405 228
474 812
560 510
595 261
481 91
735 210
415 933
971 53
126 192
774 226
978 4
837 52
109 648
237 129

6 57 168
865 830 10
474 142 23
875 475 47
892 743 50
915 274 1
676 13 37
305 584
105 579
839 259
884 449
503 962
834 287
705 472
372 241
854 342
534 103
240 670
273 420
911 536
17 940
718 623
381 468
689 615
624 90
440 923
732 166
86 494
606 526
236 562
579 163
11 502
21 786
671 437
636 341
619 243
723 989
503 960
690 962
922 674
828 148
973 568
349 648
449 954
976 494
238 420
476 584
693 701
122 211
9 402
313 636
595 151
937 313
718 579
340 320
50 656
514 167
928 517
479 713
392 797
640 960
819 622
462 19
240 376

8 92 275
511 934 30
996 924 6
657 293 35
278 778 39
268 651 48
5 881 50
194 879 41
603 817 26
443 796
220 102
537 570
558 434
553 506
589 242
821 587
876 442
96 911
249 871
438 117
274 302
489 944
873 132
362 60
729 127
479 8
609 621
682 839
771 615
44 746
350 676
358 712
99 839
206 336
309 406
50 718
593 250
437 729
73 780
212 978
461 145
253 23
128 89
142 240
831 385
39 552
583 11
103 916
302 468
501 758
350 919
226 208
280 426
759 877
253 122
901 482
589 396
893 421
821 727
810 219
207 31
457 988
983 853
547 384
856 265
300 449
218 375
298 211
589 758
747 711
961 459
396 953
277 422
663 672
959 924
186 999
113 940
877 523
599 748
969 777
89 121
506 491
447 88
436 341
289 561
899 689
670 754
788 669
657 0
528 159
203 455
946 518
525 211
312 672
418 320
492 282
518 110
779 494
746 769
858 710
380 321

4 39 116
759 704 39
584 273 25
623 952 11
149 642 41
49 441
616 707
46 696
543 919
534 198
539 780
126 586
498 903
804 455
372 597
998 302
91 987
737 750
288 830
63 592
81 129
996 957
309 117
37 700
133 564
847 444
405 697
306 379
642 560
348 235
334 260
730 478
907 960
518 426
168 544
472 642
460 694
260 226
17 318
796 142
606 842
315 893
425 855
408 924

4 15 43
377 957 23
395 341 2
542 291 12
818 964 6
211 797
944 966
871 54
50 890
25 217
748 77
662 141
868 600
752 252
844 786
448 566
75 0
833 372
739 588
360 914

1 7 20
273 386 20
838 188
170 863
906 963
238 184
79 914
378 457
418 644

1 15 42
916 111 42
948 872
452 774
104 935
181 832
261 581
415 571
753 867
150 499
24 630
145 423
189 775
601 225
234 292
981 217
584 321

4 44 130
33 303 45
274 81 45
754 734 12
392 894 28
341 173
286 568
857 256
810 49
496 582
544 637
411 964
987 798
582 241
441 851
983 122
316 930
723 580
524 113
490 410
93 544
912 848
286 604
664 940
708 573
740 816
699 839
317 673
915 141
658 562
264 245
45 697
672 558
959 793
945 259
34 29
673 627
578 589
438 214
963 170
418 874
178 156
539 544
822 647
932 983
114 226
495 901
557 150
1 534

6 48 141
680 553 42
309 129 37
188 297 35
778 331 2
418 591 7
232 526 18
30 937
277 206
858 852
596 46
985 928
759 863
345 503
345 703
571 957
231 905
35 984
658 624
291 292
747 34
21 210
133 395
950 304
21 109
4 643
251 169
868 787
350 861
638 732
459 617
769 672
548 985
580 762
735 785
352 976
586 7
589 900
188 592
758 778
893 466
248 741
247 450
794 510
574 121
853 760
343 317
423 342
284 698
674 5
543 406
902 791
220 132
676 55
925 937

7 51 151
741 136 25
471 975 40
678 432 1
74 788 1
481 727 31
776 602 43
666 111 10
404 303
586 277
131 907
207 344
729 393
919 639
295 541
753 435
680 346
207 655
646 397
219 645
343 640
592 710
229 146
949 287
521 112
494 277
292 123
556 843
468 998
508 909
759 304
899 183
391 144
53 368
614 626
999 158
181 887
756 127
819 185
323 940
550 749
629 498
412 735
95 655
325 865
554 172
490 707
745 477
264 478
13 902
808 240
368 806
117 613
12 53
991 90
931 485
315 256
26 210
402 622

5 55 162
552 432 30
715 595 21
582 88 24
356 714 40
154 492 47
465 325
127 46
896 260
610 370
563 41
416 685
369 488
505 24
43 734
40 809
62 584
833 362
38 130
701 161
659 280
378 22
651 440
909 382
719 678
839 970
411 453
344 632
370 850
993 109
634 457
653 123
229 886
370 855
323 287
852 518
154 26
596 353
491 766
379 377
735 107
490 290
606 379
45 699
478 943
723 827
923 564
751 810
121 150
133 363
540 34
415 479
138 761
36 568
965 77
955 750
172 518
778 743
509 307
1 426
154 141

1 2 3
815 453 3
718 817
185 879

12 81 240
335 669 28
426 981 11
729 829 40
511 902 4
37 410 18
276 692 5
425 615 12
28 622 17
50 628 36
699 532 10
5 166 12
814 766 47
775 806
722 396
407 397
590 499
688 478
854 17
642 264
238 169
920 380
224 671
439 433
987 596
33 525
110 78
98 234
341 57
893 12
563 413
913 204
806 200
308 149
473 735
360 349
889 357
40 853
983 39
428 160
71 885
512 6
127 657
417 787
258 633
726 260
709 688
555 390
818 584
57 987
636 967
723 360
135 479
948 111
347 699
362 734
377 959
281 389
494 537
702 514
437 9
167 473
189 365
874 19
34 325
848 714
587 340
98 302
529 341
658 239
144 906
294 939
282 131
306 904
302 702
287 17
939 580
315 337
98 953
663 590
820 606
941 657
612 731
634 712
674 927
721 759
228 531
550 267
238 815
230 190
481 137
591 62
837 730
763 803

6 30 88
488 900 7
953 610 25
311 347 22
120 696 0
721 225 21
682 667 13
415 983
726 744
205 72
445 487
546 358
130 633
545 21
950 949
218 224
36 115
728 687
271 7
533 27
352 915
328 911
627 607
448 95
982 184
612 242
735 671
541 382
227 976
354 127
483 863
957 202
314 885
66 173
231 830
868 736
721 645

12 83 246
207 293 42
430 807 47
615 256 8
806 876 23
65 325 8
38 607 18
671 181 6
316 42 10
306 586 19
871 680 4
647 781 33
262 685 28
118 584
95 814
538 953
95 963
86 441
794 424
230 33
63 212
249 740
751 125
451 559
825 881
534 674
992 697
603 85
862 103
503 721
907 347
473 307
564 321
17 374
897 211
924 967
358 530
90 94
406 167
29 617
757 725
468 557
770 838
877 423
300 431
749 333
723 405
964 333
844 379
558 462
307 124
485 566
342 718
771 374
942 284
457 347
299 122
572 69
448 522
424 784
118 410
868 387
632 757
709 824
627 761
769 111
235 759
946 119
576 441
460 643
697 811
172 287
942 786
861 181
289 33
650 261
847 412
818 316
911 156
849 503
106 250
880 721
340 947
898 504
969 249
986 912
142 236
108 9
702 639
855 548
977 806
789 816
709 298
926 566
574 90
943 262

1 9 25
13 126 25
33 659
905 194
951 281
874 460
84 216
212 548
890 343
455 318
291 625

9 62 185
55 107 16
22 197 15
390 901 34
889 223 32
961 185 10
997 763 13
929 651 28
532 58 28
325 262 9
961 107
664 679
708 509
488 246
253 476
404 100
727 480
323 811
30 479
159 799
100 504
772 532
669 865
150 367
998 495
477 114
466 743
272 355
462 670
342 318
318 138
921 71
741 549
688 878
79 868
527 322
872 208
815 316
977 774
658 179
947 163
805 114
959 763
789 711
869 411
237 698
392 449
396 826
844 589
403 490
69 304
472 599
723 993
413 92
170 743
108 503
7 272
395 850
671 435
785 99
591 232
391 104
524 956
62 797
579 231
838 51
348 841
999 168
221 596
265 349
44 643
451 584

4 35 104
984 575 3
940 2 45
442 842 26
86 614 30
167 103
719 165
162 676
343 940
586 514
274 904
284 951
541 331
806 195
249 816
793 905
634 963
501 734
590 177
804 501
709 542
477 92
982 733
101 194
352 928
617 983
188 293
85 13
73 825
767 538
601 862
992 85
984 928
413 3
450 963
292 916
441 358
293 987
738 986
751 614

6 56 166
843 2 17
665 962 23
694 708 23
445 819 29
637 76 33
911 612 41
31 72
605 89
790 555
225 787
861 360
553 902
689 824
438 506
997 663
165 784
950 140
490 496
182 338
437 117
744 906
896 55
986 626
704 849
628 20
427 510
946 961
957 991
973 295
49 754
486 242
953 432
742 6
589 656
180 895
363 329
734 334
645 258
334 388
814 842
534 880
558 880
888 992
603 967
598 326
918 101
289 537
638 827
581 991
287 779
889 786
153 248
507 654
778 443
990 253
692 476
539 231
747 941
355 94
760 620
350 563
179 965

4 37 108
346 715 35
792 861 9
267 379 29
912 483 35
817 359
748 786
663 711
72 64
805 778
661 319
126 259
101 272
40 255
596 568
34 237
442 498
763 808
105 801
316 393
419 157
920 108
572 628
654 838
12 85
445 215
553 331
253 966
933 369
813 112
701 83
945 156
880 482
102 46
198 99
757 96
383 75
565 137
333 641
732 25
182 786
115 751

2 23 66
124 81 47
607 998 19
746 981
734 74
208 545
97 118
595 216
160 762
672 932
438 562
382 5
893 349
573 178
485 57
725 44
425 874
902 545
184 267
976 492
181 746
617 478
800 959
372 736
868 595
639 328

7 42 123
493 257 2
315 549 37
233 693 34
147 175 2
631 483 24
862 788 12
322 520 12
825 817
930 291
359 912
985 518
279 602
726 150
301 478
282 371
493 517
703 378
3 855
676 748
424 373
326 221
430 33
238 703
172 947
674 242
386 118
666 651
851 475
833 354
542 214
855 675
117 553
916 844
811 690
494 158
727 302
621 565
687 275
285 457
587 796
490 511
698 860
293 910
308 542
931 822
23 752
745 630
144 729
497 433

12 80 239
132 693 4
700 125 24
412 318 29
768 865 8
624 28 23
93 836 42
387 173 28
551 444 42
479 193 0
517 947 6
371 663 17
331 976 16
627 903
341 445
307 680
783 726
33 55
985 86
880 229
112 591
753 83
963 548
608 919
422 606
198 281
18 534
739 373
781 429
271 243
368 277
39 212
902 621
137 95
804 965
826 649
183 273
805 670
287 619
793 827
969 71
764 857
703 105
520 390
235 93
541 232
510 146
903 93
449 992
431 817
166 628
111 953
601 266
853 323
665 458
765 316
861 276
596 429
745 190
905 301
58 967
470 385
520 280
542 644
113 582
498 204
168 410
563 436
825 529
698 486
676 674
844 334
663 209
104 804
406 760
524 465
383 787
920 512
254 250
182 97
968 310
921 209
777 618
999 754
532 145
849 642
29 91
389 702
787 516
167 109
412 592
174 524
85 674

10 84 250
975 104 16
919 787 14
87 296 8
398 478 1
48 407 34
124 215 38
368 820 38
246 73 1
38 243 50
612 425 50
427 104
817 860
138 165
136 145
668 848
711 769
570 664
169 909
168 320
762 112
959 866
591 961
683 166
616 626
481 307
9 374
916 141
123 721
50 474
832 276
819 987
56 79
522 310
905 839
94 392
544 811
469 43
51 648
320 245
272 937
538 407
103 815
198 466
153 488
401 704
857 418
894 949
215 377
241 57
644 404
982 223
211 504
37 435
354 548
65 779
156 902
61 526
828 383
429 259
182 613
186 361
979 532
760 164
255 631
13 425
754 492
966 116
956 645
433 300
883 235
234 360
16 915
942 20
68 139
142 204
862 659
483 629
444 123
309 472
986 266
721 399
973 962
577 514
533 593
848 484
597 83
31 996
251 508
566 96
835 596
820 917
687 968
768 280
707 622

7 60 178
261 437 24
273 106 42
305 622 20
551 648 10
915 744 15
563 352 31
522 480 36
829 314
702 330
168 489
150 655
695 351
27 849
250 115
518 590
243 173
984 299
687 701
114 823
431 928
113 447
38 348
229 749
876 695
464 805
32 510
635 604
75 584
236 169
310 979
828 885
607 403
180 293
912 669
866 30
867 740
410 150
563 301
449 144
733 538
926 612
483 71
665 197
181 760
123 930
499 778
171 737
135 724
467 610
652 349
676 666
265 222
24 606
11 410
557 753
575 990
648 508
41 47
837 997
611 347
724 879
799 996
71 531
705 713
101 673
168 482
3 497

3 19 55
709 864 13
10 806 34
865 862 8
232 478
552 403
984 233
852 649
113 923
312 420
537 306
494 357
742 510
426 208
704 234
454 591
846 420
593 30
197 765
51 297
367 90
465 888
186 811

10 79 235
471 489 12
614 340 46
877 516 39
24 383 40
150 109 16
197 738 16
67 423 13
530 254 23
165 949 23
460 522 7
200 79
452 301
240 607
252 959
669 540
847 962
800 689
762 653
201 624
147 383
690 885
560 815
814 882
268 876
565 704
916 593
927 111
290 60
155 476
747 248
723 412
61 374
293 900
708 330
457 22
430 269
805 0
197 865
718 329
286 249
853 17
144 480
995 373
195 772
112 54
392 420
616 356
845 734
450 966
687 253
413 584
427 754
32 680
343 613
793 754
407 382
507 756
247 257
565 234
571 828
310 861
850 682
3 52
773 901
294 719
544 2
894 657
600 531
5 177
579 496
904 79
710 287
304 358
573 326
300 644
553 497
719 813
817 285
670 47
275 199
277 378
755 624
4 501
449 437
262 881
895 373
862 715
117 327
666 337

3 43 128
140 72 49
786 72 32
677 10 47
633 57
703 18
690 188
56 517
82 792
623 99
21 937
852 728
629 726
16 229
825 509
643 776
88 634
920 956
98 309
323 828
557 612
726 804
867 377
22 424
186 902
444 229
380 287
186 632
321 899
68 891
304 61
676 781
206 828
169 891
970 693
505 322
60 994
500 755
704 420
642 299
765 552
550 786
944 975
892 348
77 501
865 596
749 203

4 31 91
948 428 20
210 61 24
87 467 11
61 968 36
54 299
877 176
4 945
830 983
781 980
552 168
47 918
132 464
89 401
767 728
805 709
971 209
955 290
90 677
742 677
689 387
925 810
784 31
259 35
454 548
36 159
333 339
280 819
31 793
961 781
518 700
984 21
121 660
794 70
764 896
219 779

9 74 221
580 90 23
233 621 17
727 63 2
109 556 44
65 345 31
29 593 27
518 630 19
97 447 9
747 699 49
410 954
642 610
219 727
454 746
54 685
308 530
903 501
961 856
418 23
287 647
290 121
753 35
409 357
295 432
750 204
634 650
427 940
751 716
142 751
637 587
232 763
662 403
459 17
315 849
920 728
894 22
93 925
786 657
163 190
301 173
52 584
827 293
260 397
452 222
724 995
736 122
271 273
128 545
644 884
858 715
657 786
619 576
285 89
89 972
394 226
770 293
447 761
796 432
886 154
72 217
98 448
551 985
875 652
464 193
833 917
887 585
518 129
623 999
329 321
62 314
514 700
390 905
657 960
987 526
185 32
907 432
400 198
939 289
220 475
48 427
744 198
359 608
715 234
150 144

9 68 201
502 780 39
379 944 37
609 907 7
513 681 34
572 678 5
498 942 4
336 17 11
615 592 39
332 25 25
671 946
311 396
882 334
175 318
986 82
106 177
614 89
183 895
772 475
693 592
599 765
777 810
841 290
700 367
201 63
3 93
587 331
308 620
123 236
30 47
295 628
538 53
400 914
208 283
827 871
931 940
86 521
738 176
449 194
481 136
394 298
588 792
922 579
689 791
118 417
845 484
6 967
602 914
845 473
176 485
332 878
695 344
93 356
274 410
663 513
336 930
42 813
234 568
768 930
401 788
935 847
675 491
743 608
791 45
684 571
465 853
776 512
830 404
959 800
969 829
246 953
174 391
868 417
993 62
216 382
177 692
605 750
546 985

7 49 145
249 323 12
34 213 0
466 432 44
758 668 44
285 742 5
477 345 1
737 463 39
823 264
233 334
665 839
407 593
537 420
675 368
860 752
740 831
53 985
334 553
239 274
481 520
161 263
937 98
905 414
156 851
444 78
121 394
517 490
74 872
332 113
371 537
67 594
254 939
609 297
486 392
728 317
159 42
507 978
28 791
365 597
213 84
659 729
176 58
316 479
5 934
188 396
219 115
387 429
507 317
810 732
149 927
481 363
599 409
476 743
770 904
975 442
988 485
860 334

10 77 230
767 480 8
858 464 37
149 861 25
857 980 5
905 153 43
154 447 35
594 622 11
20 720 1
577 996 30
901 788 35
151 85
973 535
184 429
246 815
913 66
757 181
439 779
407 454
207 900
483 18
994 435
720 633
26 0
489 112
757 513
209 905
607 301
692 770
862 286
342 848
841 477
875 936
544 301
867 443
323 833
33 411
509 457
658 711
61 894
251 929
423 557
979 602
231 256
585 684
70 764
603 153
306 928
406 604
613 319
84 701
471 579
477 650
610 637
254 971
755 316
336 161
815 472
495 116
733 866
193 16
824 995
952 725
286 648
747 958
412 929
974 446
326 206
245 793
726 736
530 51
965 6
139 926
88 646
430 292
217 743
599 507
559 677
989 160
306 893
345 426
46 514
242 471
860 321
816 482
420 220
678 619
229 175

1 4 11
344 818 11
667 607
909 188
313 851
50 674

1 1 1
268 532 1
490 779

5 40 118
73 984 24
800 286 42
0 241 31
507 465 5
501 692 16
142 238
38 603
639 589
67 872
949 912
769 285
601 654
523 939
36 503
896 54
927 418
885 935
776 956
494 277
495 288
542 324
475 26
712 497
66 695
680 461
764 292
156 11
546 503
952 609
191 692
25 116
116 327
162 149
553 359
420 593
816 732
398 27
691 80
803 473
200 352
973 779
838 826
121 413
877 892
801 951

7 73 217
287 167 41
111 458 12
343 410 38
522 275 26
831 505 47
330 693 7
347 908 46
888 267
77 961
753 773
720 149
206 471
216 487
642 579
247 295
20 87
251 853
459 786
933 378
254 532
211 899
625 627
770 619
142 571
684 457
145 478
860 158
121 756
279 817
714 131
877 687
346 344
994 780
636 200
401 624
329 501
613 642
769 935
311 521
352 279
693 732
999 0
920 681
201 216
720 96
382 704
899 297
607 989
438 499
349 504
24 399
530 706
857 725
448 812
683 996
677 637
957 542
238 593
69 14
896 381
196 695
819 431
419 772
642 34
285 927
167 630
618 153
176 751
354 533
472 227
132 444
758 508
980 584
359 608
239 977
585 172
396 847
497 441
776 830
708 716

6 46 136
972 145 22
240 830 32
516 268 12
165 122 18
523 62 19
319 387 33
653 656
404 666
383 787
375 902
165 910
210 441
927 155
632 689
680 181
437 784
257 432
576 245
773 322
252 431
814 659
656 44
223 261
760 959
234 49
114 198
994 403
517 880
484 935
29 769
848 938
672 89
548 704
20 652
660 490
592 140
613 861
31 960
507 343
887 37
602 369
669 626
573 380
620 810
896 321
877 482
230 180
3 742
84 731
964 457
279 113
795 607

5 54 161
575 765 34
6 859 41
648 541 10
975 316 26
935 997 50
838 334
600 725
537 806
548 683
479 204
910 800
658 845
265 360
773 42
401 511
842 479
867 219
213 866
740 711
320 29
143 922
93 745
553 519
725 398
356 161
486 178
119 766
170 919
167 646
78 331
681 672
218 510
89 716
560 871
512 305
492 884
857 168
583 669
498 195
976 496
369 773
418 770
454 58
339 138
133 750
183 674
546 688
11 45
18 742
181 311
632 625
389 851
397 871
838 473
902 628
146 865
424 864
986 979
497 546

8 77 229
87 208 22
730 84 28
618 660 49
140 803 3
805 644 44
910 581 5
408 836 43
180 562 35
457 278
643 168
769 841
206 790
622 261
83 367
600 906
978 460
336 244
418 810
456 621
804 288
810 5
885 741
600 12
224 20
528 814
129 364
912 622
941 93
626 801
411 213
925 527
46 367
652 363
629 848
219 223
774 888
423 776
976 247
181 849
627 777
516 873
448 394
740 850
877 205
461 973
230 26
119 169
308 869
344 457
821 496
399 684
411 917
839 824
772 887
858 712
748 756
20 762
79 145
440 777
663 388
971 840
554 696
73 414
379 291
183 934
607 416
971 747
180 756
858 425
241 171
159 173
779 31
532 287
552 192
766 569
172 164
664 900
918 540
329 753
692 447
700 234
765 174
104 790
215 526
185 290

